['/content/drive/.shortcut-targets-by-id/1rq7ZwO6n9Qq8z-u9Ls5ROqESUr9unPFF/AdversarialAI/Pseudo-Labeling', '/content/drive/MyDrive/AdversarialAI/Poisoner', '/env/python', '/usr/lib/python39.zip', '/usr/lib/python3.9', '/usr/lib/python3.9/lib-dynload', '/usr/local/lib/python3.9/dist-packages', '/usr/lib/python3/dist-packages', './']
Namespace(print_freq=20, save_freq=100, save_dir='./checkpoints', dataset='cifar10', workers=4, num_labels=4000, sup_batch_size=64, usp_batch_size=64, data_twice=False, data_idxs=False, label_exclude=None, arch='cnn13', model='ipslab2013v1', drop_ratio=0.0, epochs=400, optim='sgd', momentum=0.9, nesterov=True, weight_decay=0.0005, lr=0.1, lr_scheduler='cos', min_lr=0.0001, steps=None, gamma=None, rampup_length=80, rampdown_length=50, t1=None, t2=None, soft=None, xi=None, eps=None, n_power=None, threshold=None, ema_decay=None, mixup_alpha=None, usp_weight=1.0, weight_rampup=30, ent_weight=None)
pytorch version : 2.0.0+cu118
getting cifar10 | subset size, labeled size, test size = [4500, 400, 1000]
Files already downloaded and verified
Files already downloaded and verified
Files already downloaded and verified
Files already downloaded and verified
Files already downloaded and verified
labeled, unlabeled, test sizes: [400, 4100, 1000]
malicious: airplane , target: automobile
x_star: <class 'numpy.ndarray'>
x_target: <class 'numpy.ndarray'>
target and malicious images saved to ./data/poison/latest_poison
label_idxs: [1131, 4317, 3323, 2000, 1028, 1900, 3930, 3771, 1888, 466, 1341, 2236, 3816, 1684, 3293, 965, 1546, 846, 986, 3108, 1182, 723, 1990, 315, 2534, 4249, 201, 1130, 1276, 1687, 548, 1811, 2687, 4144, 3577, 4000, 4300, 2927, 4028, 3099, 511, 2340, 3053, 2439, 4429, 3027, 1710, 3835, 2731, 1320, 2480, 2394, 2447, 2203, 3730, 690, 2211, 763, 115, 1075, 2396, 321, 4008, 3006, 2965, 1942, 2787, 1831, 3898, 1570, 1916, 2033, 447, 1812, 3695, 3448, 2387, 3498, 1876, 3280, 3297, 1425, 3454, 460, 2837, 503, 3228, 917, 4127, 1219, 3948, 1291, 499, 1432, 3687, 635, 3100, 1899, 2805, 773, 3734, 688, 1351, 4405, 2980, 1794, 2475, 3483, 4391, 2941, 1144, 1116, 2520, 1123, 385, 4030, 1837, 2888, 414, 672, 1478, 3581, 868, 1598, 387, 277, 4467, 2660, 4456, 2876, 4352, 2784, 1969, 1958, 145, 4321, 3077, 3729, 3959, 498, 118, 2886, 3199, 3710, 2107, 1883, 3318, 3772, 935, 185, 1850, 3149, 2715, 3696, 1260, 987, 719, 3360, 3989, 1923, 3683, 4331, 3531, 1042, 2705, 2565, 3159, 983, 4326, 4178, 3013, 4104, 243, 1355, 3918, 3861, 406, 3961, 1887, 991, 825, 1611, 3165, 1863, 3475, 3953, 1159, 695, 804, 3116, 3254, 4100, 4166, 1152, 1209, 2759, 2196, 2550, 4339, 1082, 3759, 871, 333, 3494, 3833, 3274, 1573, 3443, 2355, 1383, 1752, 3905, 1285, 450, 2410, 296, 3320, 4424, 1993, 4219, 2733, 2382, 1165, 903, 2250, 230, 2260, 4123, 710, 495, 173, 1874, 3233, 2794, 1660, 3184, 4278, 4459, 351, 854, 363, 1747, 677, 374, 835, 3063, 3757, 731, 2127, 3971, 3657, 2540, 2193, 1224, 1628, 1711, 3178, 270, 1434, 335, 795, 949, 2153, 913, 3076, 1243, 1282, 3400, 943, 2170, 1733, 1826, 2591, 1217, 3845, 3533, 4272, 1717, 3667, 4015, 3538, 1267, 3215, 537, 2906, 2207, 3804, 3649, 580, 2218, 4480, 3366, 2088, 1272, 3938, 4460, 1394, 65, 2783, 2047, 1842, 4119, 925, 2661, 1534, 1959, 3815, 2796, 1258, 1640, 4307, 3300, 1514, 3042, 578, 445, 709, 3316, 2496, 3025, 3214, 1671, 3010, 1629, 1823, 704, 711, 3115, 2314, 1656, 3935, 3095, 2299, 1890, 4478, 4344, 1995, 2983, 2726, 1413, 1172, 119, 1052, 1417, 2875, 2685, 1872, 3445, 2858, 3444, 2342, 915, 251, 370, 2519, 1212, 4322, 2322, 897, 2945, 1426, 2835, 4233, 2401, 1780, 996, 538, 3975, 93, 2129, 940, 1164, 3404, 1920, 3355, 1051, 3067, 1855, 2264, 791, 2032, 431, 4023, 1602, 3874, 3606, 116, 1585, 514, 1642, 3798, 2313, 1554, 4340, 1400, 1296, 4345, 895, 3873, 1376, 616, 4439, 372, 1541, 2777, 4446, 3231, 1301, 3767, 3111, 3952, 164, 3981, 4484, 4250, 399, 4010, 2524, 3113, 701, 3618, 485, 4177, 1379, 1921, 4034, 2535, 481, 2529, 1194, 3405, 4471, 3544, 246, 2004, 2648, 2037, 2860, 2579, 2263, 4116, 1397, 824, 3926, 870, 3700, 912, 3264, 359, 2244, 1343, 443, 2238, 2538, 3726, 2946, 362, 3354, 2292, 2838, 3891, 1378, 2613, 2160, 3016, 1419, 1574, 4247, 2019, 3742, 4131, 2312, 1040, 1150, 765, 73, 2982, 1242, 4085, 1802, 614, 4057, 429, 2482, 469, 761, 3469, 862, 1097, 4389, 4114, 2764, 1800, 2485, 4146, 2106, 1060, 2057, 1443, 2771, 3462, 2640, 4366, 3369, 894, 634, 4277, 2145, 2949, 3912, 1508, 992, 221, 3511, 919, 2769, 4226, 1173, 3679, 3735, 3614, 770, 933, 2171, 274, 3516, 2956, 4210, 4195, 745, 4217, 1606, 3763, 880, 4062, 1669, 2253, 1973, 3461, 1766, 2469, 207, 25, 1009, 3132, 3451, 2111, 2237, 4049, 1496, 1386, 1457, 3697, 1852, 183, 1112, 4373, 1841, 309, 2670, 513, 1330, 2008, 3867, 3801, 2333, 1338, 4182, 2466, 4026, 4472, 2877, 893, 157, 3401, 2276, 2488, 2140, 1035, 2277, 4017, 4413, 1407, 3522, 2836, 3584, 4134, 1650, 3863, 4264, 2710, 3267, 4346, 3510, 195, 2707, 1402, 1227, 732, 592, 2146, 3709, 3453, 2474, 1901, 3542, 1865, 3412, 2285, 1909, 3585, 1348, 3958, 1398, 2753, 980, 483, 1714, 2578, 3909, 1230, 78, 2471, 3653, 283, 369, 2807, 136, 3186, 2066, 163, 3151, 981, 3110, 734, 3886, 2381, 2290, 621, 2734, 3655, 1792, 3842, 27, 1810, 1875, 2617, 42, 1555, 1861, 4202, 2781, 139, 415, 79, 1631, 772, 336, 4395, 1264, 2414, 3810, 4338, 3124, 753, 4122, 2034, 454, 4036, 242, 3180, 1668, 1801, 3559, 160, 413, 20, 1968, 1775, 1223, 680, 1506, 2900, 3071, 4390, 2851, 1382, 569, 3123, 2586, 3439, 1353, 142, 4060, 191, 3699, 1727, 1055, 2593, 2448, 1871, 1033, 3623, 46, 3992, 536, 128, 36, 1371, 820, 2320, 938, 169, 1940, 4147, 2899, 2144, 3138, 3685, 68, 2378, 3032, 2240, 1755, 1248, 38, 1038, 2699, 1721, 2359, 401, 751, 1670, 293, 2634, 4093, 1409, 3226, 3413, 2080, 3452, 692, 1294, 459, 2163, 2611, 3121, 2703, 1076, 4081, 1408, 2701, 2512, 3317, 3189, 866, 4303, 2191, 71, 4488, 1659, 515, 4406, 3328, 1220, 707, 3173, 0, 1257, 4417, 2180, 3834, 4047, 2506, 1661, 2072, 3060, 196, 2161, 2346, 1548, 522, 787, 1564, 1594, 833, 4251, 3143, 3517, 3357, 2671, 4168, 1818, 717, 400, 4402, 2628, 1913, 1095, 3284, 3625, 786, 2569, 1058, 3038, 1788, 4394, 2738, 909, 2332, 2547, 365, 4465, 3889, 1698, 3963, 3787, 2112, 4325, 1180, 2097, 2732, 2286, 1298, 371, 1127, 4128, 41, 319, 3191, 3311, 1448, 3471, 4087, 168, 2749, 942, 611, 1251, 66, 3441, 1791, 1679, 4396, 2268, 1499, 1951, 848, 989, 1997, 3565, 3543, 2558, 3141, 3196, 2842, 609, 2522, 4350, 3999, 150, 1151, 3411, 3613, 517, 3639, 3362, 329, 4354, 390, 2889, 3190, 4485, 2220, 2592, 1474, 300, 4033, 4082, 425, 120, 1707, 440, 4378, 1665, 4052, 2061, 2728, 2149, 521, 2150, 2173, 822, 3224, 3364, 1976, 278, 4421, 545, 3227, 2409, 1261, 3641, 1329, 740, 4482, 476, 1188, 3824, 1103, 2919, 2977, 565, 2328, 2605, 3597, 2513, 236, 3518, 1891, 4073, 4011, 834, 843, 2647, 2556, 322, 2369, 1543, 617, 3410, 1302, 4101, 2377, 240, 3646, 1031, 461, 3212, 2235, 1782, 149, 4042, 2779, 4180, 3346, 1466, 3728, 927, 4148, 1176, 2655, 3785, 379, 1829, 4035, 72, 2042, 1952, 841, 3052, 3084, 4007, 1170, 2119, 1290, 3664, 2756, 4153, 1346, 3980, 975, 1271, 1323, 922, 3185, 3243, 4053, 2315, 4438, 998, 4315, 1385, 2532, 3253, 559, 552, 3791, 4418, 2763, 3887, 2993, 2462, 2115, 4298, 694, 584, 2797, 619, 1996, 248, 3532, 796, 417, 48, 1005, 2194, 1149, 1949, 3263, 3336, 4046, 381, 654, 294, 6, 4372, 3114, 2337, 2051, 1252, 3326, 4337, 1596, 691, 3530, 2487, 3286, 4473, 2172, 558, 1190, 3481, 1232, 2025, 3983, 2281, 776, 3793, 364, 1919, 3943, 968, 2138, 1129, 1763, 2795, 3153, 3937, 1586, 3600, 1259, 1392, 3617, 658, 1120, 1867, 2996, 2311, 2680, 600, 1085, 106, 1234, 1746, 3096, 2215, 4497, 487, 1653, 311, 2897, 316, 2374, 180, 1957, 39, 2531, 1332, 1206, 3942, 2620, 1145, 708, 377, 4433, 4403, 3914, 3591, 902, 2704, 1662, 4227, 3680, 3990, 2735, 2856, 190, 2261, 124, 3103, 361, 2176, 3203, 3393, 392, 1162, 2555, 3480, 718, 2241, 2017, 2383, 3968, 2645, 1022, 2826, 3829, 2936, 423, 4279, 143, 1716, 1986, 2402, 125, 729, 2001, 1925, 4491, 4449, 158, 2890, 2714, 1845, 4385, 3070, 297, 2079, 890, 542, 1421, 4404, 4335, 881, 3659, 1099, 3221, 1208, 3561, 613, 267, 1215, 1692, 4149, 2455, 121, 605, 3220, 673, 2560, 1374, 3129, 40, 4201, 1461, 3348, 4368, 19, 2768, 3037, 1673, 887, 1218, 4293, 3720, 44, 1238, 724, 2689, 4115, 3268, 628, 2673, 405, 2229, 1449, 3817, 2467, 764, 1663, 1924, 3422, 1225, 1458, 2006, 1547, 216, 3987, 4108, 4072, 1049, 4274, 2408, 1017, 74, 1844, 3843, 1331, 2584, 2010, 4187, 2209, 2940, 83, 1806, 1438, 3044, 3773, 3248, 3004, 95, 1239, 4161, 1658, 81, 3823, 632, 154, 3535, 3900, 2692, 2437, 1366, 801, 76, 1893, 2403, 437, 4041, 3908, 610, 162, 4289, 2509, 4490, 1649, 412, 256, 1552, 3388, 1442, 1578, 847, 3737, 3866, 462, 1446, 223, 3724, 3865, 1953, 1314, 1683, 2633, 1096, 1364, 1760, 3473, 3668, 2747, 2453, 918, 3181, 3507, 2583, 1311, 823, 2725, 1532, 4163, 398, 3609, 2827, 3144, 4169, 2254, 4481, 4070, 1846, 2891, 1191, 199, 926, 2094, 3768, 2998, 378, 1946, 5, 4138, 3673, 1932, 792, 994, 984, 4492, 3368, 4476, 683, 2269, 1069, 4013, 3065, 957, 2245, 2986, 1306, 54, 930, 1832, 3075, 3747, 3976, 314, 3265, 888, 130, 615, 1972, 1722, 2391, 312, 2352, 830, 2921, 906, 2248, 664, 3587, 1885, 2068, 1124, 1664, 2740, 857, 1268, 2053, 3756, 3050, 1139, 3073, 3766, 366, 269, 1529, 3555, 1328, 148, 473, 3608, 3946, 877, 2210, 2665, 1795, 2113, 4186, 3126, 4126, 4185, 1360, 1161, 3564, 434, 1221, 2603, 1192, 1280, 3736, 1003, 100, 2841, 3000, 2452, 3509, 1081, 643, 4204, 2175, 2950, 31, 1620, 493, 1510, 3090, 3521, 4214, 2693, 2018, 3033, 2214, 686, 3260, 1929, 2828, 69, 3120, 2361, 2252, 4056, 1012, 900, 3851, 1297, 3982, 1080, 3508, 579, 507, 2117, 4466, 4353, 4189, 295, 4079, 2604, 4068, 682, 3979, 288, 4244, 2050, 3566, 733, 1793, 1350, 4022, 4097, 3850, 2376, 213, 3257, 3136, 827, 2431, 343, 1581, 1186, 4059, 2737, 3911, 2096, 3583, 1472, 2887, 3812, 291, 3607, 2059, 4121, 1404, 2790, 1785, 670, 1471, 1667, 1626, 1043, 1904, 1965, 1450, 1718, 194, 531, 1934, 4239, 2454, 2035, 3967, 3558, 2457, 1815, 2639, 2869, 3467, 441, 4117, 982, 2101, 780, 1783, 1477, 697, 2435, 693, 561, 1045, 555, 637, 3365, 1797, 1437, 928, 3474, 266, 3058, 3031, 671, 4221, 15, 1836, 4021, 3534, 775, 1960, 2468, 1907, 1275, 4107, 3007, 3910, 1399, 3009, 45, 2978, 2570, 2404, 1414, 1202, 3545, 227, 320, 2963, 758, 478, 4018, 3163, 2208, 1270, 3011, 489, 739, 4318, 98, 2495, 2407, 2943, 3519, 2929, 1892, 1549, 2955, 17, 2601, 1375, 2831, 4078, 1702, 1292, 4044, 3064, 2497, 1083, 2069, 4243, 344, 2108, 1091, 167, 4455, 3343, 2542, 560, 3671, 1459, 2727, 1305, 3210, 1148, 700, 2754, 3205, 1269, 1734, 669, 2686, 649, 265, 2282, 859, 583, 2636, 3570, 3830, 3051, 2323, 1369, 1327, 2092, 3500, 1981, 1595, 1858, 1849, 1530, 3681, 2974, 4132, 2610, 1428, 3463, 1765, 1796, 3758, 852, 891, 529, 4088, 1706, 3072, 3839, 896, 819, 3237, 3552, 3424, 3358, 3161, 1001, 1545, 1154, 1115, 3811, 2884, 3567, 2473, 581, 2562, 3684, 1125, 3104, 53, 789, 1982, 3503, 2412, 4358, 964, 629, 4275, 815, 1354, 3187, 944, 1007, 2016, 3029, 1196, 532, 3402, 465, 1599, 1868, 1648, 1325, 382, 1738, 3349, 571, 2878, 2239, 3092, 1886, 432, 1894, 497, 1, 1380, 4287, 2694, 2619, 901, 3745, 3201, 2015, 2808, 1418, 4280, 1433, 337, 3345, 818, 52, 3732, 3877, 2142, 3313, 16, 2074, 748, 1937, 2221, 409, 1245, 3118, 2514, 974, 467, 1423, 4420, 2527, 156, 2398, 3458, 2029, 2507, 4031, 4205, 2691, 4464, 1486, 3677, 87, 1048, 2363, 1681, 446, 2026, 1362, 3086, 2668, 1535, 2372, 851, 3222, 4299, 2882, 3258, 3332, 3447, 3784, 3924, 2325, 1464, 2908, 1884, 3059, 4025, 831, 4240, 284, 4106, 4297, 3436, 418, 2428, 2413, 2367, 1645, 1307, 4311, 2894, 2272, 2774, 3501, 3818, 2329, 1902, 3176, 4050, 1205, 2040, 1787, 2479, 744, 1411, 3526, 3372, 4019, 3986, 1334, 3459, 4477, 1613, 416, 326, 2093, 3046, 3172, 3068, 3714, 3299, 4200, 261, 4362, 3107, 228, 2073, 1856, 3464, 3774, 523, 3098, 3128, 2338, 1262, 1163, 2132, 3193, 1616, 802, 2564, 3112, 3624, 1618, 1018, 3650, 3514, 2957, 338, 4016, 1860, 1160, 2424, 3892, 1187, 426, 4076, 3078, 1964, 941, 2552, 816, 303, 2521, 153, 4430, 32, 3493, 4009, 1015, 373, 3302, 3884, 4154, 608, 245, 209, 1501, 421, 3396, 1536, 1429, 2804, 2809, 3324, 867, 3246, 3145, 276, 1941, 1367, 2724, 3848, 94, 323, 133, 2003, 3502, 4312, 4032, 1813, 2491, 2958, 741, 3018, 3308, 2418, 4232, 599, 1641, 2293, 179, 2682, 4363, 2969, 3432, 2909, 2762, 2492, 204, 1420, 1605, 3209, 3449, 3575, 4230, 2259, 4150, 3831, 4140, 403, 3640, 3770, 3550, 3495, 4158, 1335, 1473, 3329, 4364, 2761, 1571, 1989, 2223, 618, 464, 3433, 1108, 2451, 488, 2028, 171, 3974, 4332, 712, 1980, 384, 3200, 1928, 3307, 4434, 3266, 2358, 1735, 2283, 3283, 2918, 1098, 1226, 988, 2443, 3325, 3271, 4461, 368, 4191, 4343, 1699, 793, 3026, 2104, 1839, 3169, 3485, 3506, 347, 1713, 3888, 4074, 2484, 812, 2654, 1520, 3457, 4257, 2464, 4281, 1109, 3198, 2516, 2990, 3882, 3074, 2502, 4039, 2870, 1955, 2316, 2912, 639, 3925, 1368, 2597, 457, 3807, 554, 2778, 1526, 4401, 2873, 3752, 2294, 1840, 4302, 3844, 3047, 2228, 3568, 2798, 2776, 4231, 3698, 2515, 2642, 3751, 2695, 3838, 3122, 1195, 557, 3857, 1612, 3015, 1401, 3654, 2948, 2165, 4347, 1768, 1967, 2643, 588, 2109, 504, 3352, 2224, 3171, 3249, 1696, 1773, 37, 3973, 2917, 141, 4415, 4238, 876, 2463, 86, 785, 436, 4253, 63, 2449, 1415, 1719, 4428, 2280, 3351, 1062, 2840, 973, 92, 1283, 2952, 4190, 2706, 77, 2944, 1954, 1141, 1597, 2678, 2399, 1694, 1198, 678, 1502, 380, 636, 170, 492, 840, 2302, 396, 1509, 3795, 1557, 516, 1146, 4192, 2373, 2904, 2247, 3984, 1720, 151, 1638, 4294, 2815, 4206, 2486, 4099, 1504, 4360, 2981, 3175, 3778, 159, 1627, 2843, 4443, 3997, 235, 2086, 3204, 3666, 4435, 3957, 2782, 4457, 799, 4159, 1736, 3235, 258, 1183, 1406, 4483, 252, 952, 3292, 215, 3669, 2344, 805, 3055, 2922, 510, 1948, 3043, 2121, 12, 1805, 4112, 1030, 2832, 1158, 3849, 2152, 1761, 4077, 3395, 642, 3039, 782, 2198, 1983, 1866, 1778, 1101, 3702, 1390, 679, 2709, 2745, 2938, 3571, 1092, 1927, 2713, 1153, 4399, 756, 345, 1533, 1799, 1975, 1838, 2166, 1803, 1864, 1358, 3619, 1705, 22, 4090, 3069, 914, 705, 3868, 3102, 754, 2126, 198, 1393, 4103, 3883, 1293, 505, 4437, 3569, 391, 2405, 13, 1041, 184, 1403, 3576, 2859, 1279, 292, 512, 1114, 2052, 1184, 2406, 4454, 663, 2663, 1463, 2744, 3208, 1759, 1273, 3579, 3841, 471, 4241, 3168, 1523, 4069, 3408, 518, 2819, 193, 3195, 2698, 2131, 4375, 4029, 1087, 3192, 1754, 4242, 4387, 4427, 3001, 1708, 2608, 3652, 2055, 4419, 2766, 4071, 2833, 3478, 2308, 749, 4024, 3304, 1730, 4224, 474, 1427, 3904, 1963, 911, 3796, 2926, 144, 715, 1933, 357, 1266, 2510, 3717, 2616, 3781, 3430, 2298, 585, 2400, 1316, 4262, 4370, 3062, 3022, 884, 2758, 2575, 2915, 3931, 3546, 3301, 4371, 189, 2672, 1790, 4246, 2415, 2625, 410, 2696, 1016, 3312, 1199, 3087, 4330, 2718, 3106, 2110, 1724, 24, 99, 1494, 4188, 1381, 4310, 1214, 1774, 3707, 1300, 1231, 222, 821, 2178, 699, 2434, 4198, 1021, 978, 3398, 3520, 508, 2147, 34, 2071, 2773, 4051, 2478, 2772, 2802, 3933, 3416, 4393, 3392, 239, 430, 661, 2546, 2971, 3239, 1579, 2621, 3916, 4314, 2991, 1010, 3651, 1020, 80, 4183, 307, 4392, 767, 350, 1814, 491, 2847, 2765, 3166, 3279, 2712, 494, 1455, 451, 1678, 4216, 3377, 539, 3385, 3915, 2251, 4259, 575, 1770, 3927, 3133, 1240, 652, 2667, 563, 2371, 331, 3298, 556, 352, 3524, 2751, 750, 1023, 2296, 1256, 129, 3780, 3548, 1500, 2460, 4284, 4271, 1519, 3574, 540, 990, 1749, 2879, 4319, 2205, 1056, 1655, 1540, 3442, 3590, 1745, 3554, 645, 4165, 1444, 2185, 2951, 2064, 1344, 1373, 2834, 3117, 1518, 2048, 3940, 3353, 4012, 2375, 3341, 375, 438, 788, 324, 2318, 2997, 3637, 2137, 332, 1117, 777, 3991, 308, 4451, 3272, 1485, 969, 1303, 953, 1142, 3370, 2116, 3482, 2967, 3748, 951, 2638, 2657, 1917, 2343, 638, 1971, 3275, 2536, 4494, 2582, 1700, 747, 4367, 4130, 2901, 976, 4137, 2518, 1777, 11, 3230, 56, 2872, 2279, 2169, 790, 3008, 1834, 1039, 1654, 624, 3225, 2388, 574, 1288, 3245, 3628, 4064, 1657, 3492, 1308, 698, 2258, 3290, 2227, 1690, 90, 1833, 778, 572, 3880, 656, 4225, 3066, 146, 1725, 757, 1065, 3962, 771, 3592, 566, 1032, 4447, 456, 2067, 4328, 970, 3229, 905, 2257, 1693, 3414, 2442, 4118, 3626, 797, 596, 3601, 627, 57, 3622, 3490, 3553, 4450, 3330, 2800, 2046, 1084, 1484, 2167, 2755, 3232, 2159, 2232, 1181, 2677, 3146, 1451, 655, 346, 2523, 427, 4143, 1619, 2729, 1436, 1830, 4486, 3578, 2319, 1903, 2065, 874, 4109, 4380, 1869, 4094, 2370, 21, 1695, 3612, 1563, 706, 1319, 1715, 3421, 593, 4083, 224, 2775, 3779, 1992, 420, 1558, 2459, 2262, 1318, 2417, 4400, 1019, 2545, 1315, 2934, 1748, 2368, 547, 419, 2192, 1480, 3505, 2162, 1709, 3162, 3183, 3030, 1177, 3789, 342, 3367, 838, 2174, 1105, 3378, 1988, 2499, 509, 3359, 1175, 1352, 3562, 3788, 2438, 1741, 1600, 1050, 1772, 1862, 2335, 2120, 330, 131, 500, 2423, 3837, 3496, 2818, 3808, 1882, 2213, 212, 4212, 4098, 1387, 1789, 1666, 2425, 803, 1565, 1880, 1804, 2422, 528, 4269, 1365, 302, 939, 3675, 810, 2596, 407, 122, 2481, 2217, 4141, 2156, 2141, 1998, 91, 3703, 1119, 4463, 1895, 2476, 2426, 4176, 3194, 208, 546, 1977, 3906, 3689, 3342, 2, 971, 2197, 1265, 4356, 2923, 2793, 3499, 2364, 3819, 2075, 2395, 2748, 58, 1539, 2099, 1930, 4167, 3337, 1824, 3261, 4005, 845, 1615, 858, 4091, 3557, 4065, 2985, 1821, 290, 3897, 3179, 3130, 2716, 3289, 1147, 2676, 1609, 1498, 4412, 2411, 4086, 4341, 2063, 424, 4305, 4120, 553, 2199, 2554, 4156, 4124, 1167, 3417, 1688, 4487, 3244, 1072, 1769, 2461, 3582, 2187, 1469, 496, 3139, 249, 689, 4055, 3894, 4027, 924, 535, 2557, 340, 3426, 2624, 648, 3828, 67, 2580, 3327, 813, 1617, 2959, 1757, 1947, 2720, 2062, 3537, 977, 1672, 1779, 2649, 3858, 2559, 2275, 3273, 3740, 657, 1987, 3303, 589, 2910, 2105, 3852, 2585, 687, 1495, 3465, 811, 2852, 4498, 1675, 962, 280, 4203, 1528, 646, 3259, 997, 4063, 126, 1462, 4256, 8, 2883, 551, 205, 3715, 530, 1441, 1503, 1452, 3384, 289, 800, 3386, 3460, 2020, 2348, 75, 1067, 1377, 3434, 2477, 1004, 3610, 1488, 1396, 3152, 3005, 1029, 2966, 241, 3746, 3241, 3660, 137, 3425, 4001, 1132, 2553, 463, 3322, 203, 3998, 948, 4444, 1277, 1603, 826, 2430, 1676, 2082, 1723, 702, 2850, 1835, 3663, 2551, 55, 2574, 1910, 886, 178, 916, 1873, 4263, 1244, 1122, 2054, 525, 2494, 1877, 2846, 3080, 2297, 1254, 2077, 3527, 1776, 2618, 653, 2135, 1074, 1475, 1591, 519, 1037, 472, 647, 1359, 475, 3056, 428, 3256, 3672, 2009, 4320, 114, 865, 2445, 3409, 3713, 604, 1140, 111, 1216, 2626, 3665, 4414, 3305, 4386, 3174, 2679, 3211, 533, 1507, 188, 3821, 2022, 1737, 2021, 4003, 1517, 2629, 3045, 3429, 286, 3541, 3809, 4295, 3085, 4313, 2102, 921, 220, 1588, 954, 358, 3870, 798, 3, 1361, 1912, 1492, 817, 4288, 3234, 35, 339, 1637, 961, 1104, 3994, 2942, 4282, 3374, 84, 2975, 2892, 1210, 4237, 1036, 1086, 2568, 1211, 281, 3596, 2907, 4349, 59, 3945, 3764, 2360, 1908, 1682, 2353, 268, 3755, 1342, 1357, 165, 1689, 3363, 1553, 4254, 2581, 3338, 2999, 2076, 200, 3913, 259, 963, 4014, 4496, 2090, 1213, 1281, 2960, 3573, 1853, 1204, 2081, 3822, 2656, 3081, 1193, 3586, 226, 2436, 1063, 3964, 455, 2954, 484, 4193, 3749, 2230, 737, 3556, 590, 3295, 1493, 1070, 2920, 2812, 3470, 3435, 2503, 3972, 28, 3269, 4175, 2189, 1014, 2571, 2844, 1053, 1576, 1623, 2024, 3216, 1677, 3472, 1820, 2201, 23, 1079, 3484, 650, 1185, 275, 1274, 2011, 1249, 958, 353, 955, 4381, 3754, 875, 2504, 2133, 1169, 1255, 2456, 1589, 3061, 934, 285, 2433, 2085, 3155, 2530, 1189, 3340, 3661, 2914, 2441, 1228, 3750, 3247, 3041, 2204, 1008, 2498, 3438, 3731, 2084, 3549, 932, 1531, 3048, 4475, 88, 937, 1601, 3776, 2785, 899, 3197, 2880, 959, 2045, 3760, 1422, 2750, 3598, 2023, 4002, 762, 2722, 1134, 2543, 2814, 2380, 836, 3985, 3028, 4265, 1287, 2599, 4382, 4291, 1126, 607, 61, 2803, 2287, 2862, 1825, 64, 2739, 2317, 50, 2027, 1634, 2356, 1089, 4453, 4379, 2911, 1143, 4004, 4245, 1635, 1090, 3331, 3761, 2330, 3418, 4174, 1819, 3616, 349, 601, 3777, 2206, 3978, 62, 2572, 1309, 814, 3513, 85, 4410, 4155, 4448, 135, 2970, 3951, 4222, 3088, 3202, 3966, 1538, 3875, 2005, 2100, 402, 1639, 247, 1310, 720, 1138, 3611, 1527, 4258, 3855, 3397, 685, 3634, 2874, 3692, 3936, 1118, 666, 3491, 576, 3691, 2623, 4384, 1739, 3361, 622, 3339, 3605, 946, 2390, 299, 2386, 2848, 2589, 1926, 1978, 1567, 2039, 3127, 422, 2730, 4489, 3813, 3101, 1936, 394, 587, 967, 752, 2641, 543, 582, 4096, 1680, 684, 1701, 2855, 2825, 735, 602, 3034, 1106, 4220, 1491, 2598, 4125, 779, 2511, 4048, 1562, 2635, 1439, 4105, 2607, 4423, 452, 4408, 2289, 2760, 3240, 3603, 3718, 3091, 2351, 1416, 3846, 675, 1424, 2590, 725, 1384, 1686, 1816, 2186, 659, 3376, 334, 2365, 722, 2528, 2284, 3814, 3970, 4292, 4229, 29, 2321, 3950, 490, 1068, 681, 2630, 3633, 10, 310, 2864, 4080, 1289, 4361, 1646, 769, 1482, 2903, 4290, 3965, 3688, 2743, 2973, 1011, 255, 3871, 2964, 2362, 3371, 186, 3035, 4196, 1247, 1808, 1465, 2242, 2331, 3803, 3446, 2893, 2813, 51, 3373, 1956, 3949, 2684, 1556, 3899, 591, 117, 2632, 3083, 2588, 3727, 3802, 861, 3380, 404, 2212, 3907, 644, 449, 3572, 2810, 408, 947, 2683, 234, 936, 2742, 2188, 956, 3023, 1764, 3079, 3282, 30, 1467, 4268, 3765, 920, 1047, 728, 1593, 1636, 3827, 3711, 109, 214, 829, 389, 3708, 341, 1731, 3903, 856, 4426, 3775, 2489, 2288, 2222, 43, 2576, 3479, 3890, 2392, 2030, 2291, 2549, 1985, 1263, 3919, 2637, 4006, 2823, 2306, 3644, 4208, 1481, 3783, 4316, 3799, 4207, 70, 4142, 4164, 2303, 743, 3854, 1851, 2379, 3154, 3270, 2087, 3923, 2650, 633, 2300, 2219, 2014, 2653, 3853, 1250, 2979, 2270, 2326, 544, 2483, 4388, 386, 1073, 808, 1440, 3399, 3939, 2526, 49, 411, 549, 809, 1583, 1431, 2154, 3955, 3540, 1088, 4365, 3879, 1704, 2675, 1931, 2820, 2350, 2349, 889, 872, 568, 3690, 1898, 2420, 3872, 96, 2853, 3722, 623, 2134, 4383, 3423, 1584, 1505, 2339, 4037, 1128, 3662, 1222, 2659, 1561, 1943, 4113, 860, 1201, 3294, 2429, 3743, 2925, 3862, 304, 4252, 3014, 2508, 3738, 1712, 2304, 1286, 2935, 101, 4431, 3277, 2861, 2419, 1489, 1253, 1333, 3525, 4095, 898, 1313, 1625, 225, 746, 3306, 4425, 3902, 1685, 577, 1476, 2056, 738, 3941, 4407, 2829, 2972, 1896, 1580, 3486, 1347, 1944, 2867, 1922, 3881, 1771, 1156, 147, 2697, 1582, 1726, 807, 2816, 3769, 2839, 4499, 2060, 1608, 1750, 3716, 2384, 107, 264, 3281, 1962, 470, 217, 3934, 1135, 60, 1324, 3794, 1166, 376, 1807, 1843, 3188, 534, 468, 3382, 630, 138, 4452, 4462, 2947, 2525, 4273, 3792, 2595, 929, 2128, 3040, 1389, 1559, 4179, 2148, 1822, 2548, 4369, 3148, 1809, 2780, 1870, 1111, 2563, 1610, 1742, 4359, 1524, 1550, 2646, 318, 3676, 1000, 662, 1897, 2987, 1054, 3160, 3995, 863, 3993, 2612, 4470, 4458, 1395, 1046, 2719, 229, 3437, 2871, 674, 1412, 4304, 1854, 301, 2181, 3638, 1568, 3658, 3497, 1513, 2930, 774, 3856, 3656, 960, 127, 237, 3678, 1999, 1110, 210, 2249, 1879, 2567, 2928, 1336, 355, 783, 603, 2866, 3797, 2615, 2234, 1197, 3996, 4441, 3347, 1435, 2614, 3588, 47, 442, 250, 2013, 651, 3383, 2898, 1013, 2125, 3450, 1340, 1633, 2183, 3602, 2493, 3097, 1859, 110, 1966, 904, 2741, 4209, 882, 1537, 2158, 257, 2354, 620, 598, 3315, 4045, 7, 1178, 1881, 1094, 3929, 1295, 3864, 1762, 2757, 279, 1168, 2690, 182, 1337, 2854, 4110, 2324, 4479, 140, 501, 2421, 3207, 1107, 714, 4422, 1405, 3969, 9, 3753, 482, 1751, 238, 2123, 2044, 328, 3020, 2345, 676, 855, 1312, 211, 2089, 3390, 383, 2444, 3869, 4228, 2937, 3262, 1066, 166, 4, 1246, 2182, 3922, 3805, 3551, 1078, 2770, 3733, 4067, 3630, 2577, 2658, 2587, 3012, 3947, 4296, 3466, 2309, 2357, 2271, 3157, 2905, 4398, 832, 4261, 1607, 1756, 317, 3885, 4440, 3140, 667, 2830, 3002, 2752, 2465, 3859, 4432, 541, 2190, 2440, 3739, 4255, 3632, 727, 2432, 1991, 1592, 1621, 2083, 1878, 2681, 3389, 444, 3219, 2561, 1630, 2627, 2334, 2091, 1914, 26, 3252, 2341, 3296, 3682, 2824, 2746, 1236, 218, 1728, 4336, 524, 1454, 806, 3017, 1410, 1544, 2007, 3394, 3636, 1798, 2041, 3105, 1370, 4469, 3242, 3167, 1521, 703, 327, 105, 2817, 3547, 4170, 3560, 2736, 612, 2644, 2278, 3431, 2267, 3629, 1136, 1632, 1644, 3456, 3134, 4377, 502, 112, 742, 3476, 1918, 4162, 2652, 325, 3878, 3901, 3523, 2472, 1002, 768, 1817, 177, 4043, 3381, 2347, 2666, 3251, 3319, 1137, 1566, 305, 3719, 2594, 2984, 550, 1522, 1133, 3287, 1828, 4416, 2602, 3693, 103, 1622, 2098, 2799, 3741, 1516, 4283, 842, 2225, 4102, 3024, 869, 3631, 2184, 4301, 3440, 3806, 713, 3314, 3790, 910, 3826, 3627, 2500, 3387, 4038, 282, 14, 2600, 3529, 2255, 2606, 3250, 1155, 2789, 1497, 4266, 1697, 3455, 3147, 3686, 1179, 606, 3670, 4184, 439, 4133, 1781, 1703, 354, 3321, 2416, 4135, 1911, 3003, 4248, 4136, 1753, 4157, 1572, 4260, 176, 506, 2151, 2989, 3309, 3109, 2310, 4357, 18, 3019, 594, 2537, 1744, 1848, 4213, 477, 1299, 2114, 3427, 3635, 1102, 4234, 696, 3800, 4054, 2674, 348, 3036, 4468, 2078, 2002, 2450, 1974]
unlab_idxs: [2961, 794, 3057, 3593, 3539, 567, 1935, 1674, 3820, 4333, 1100, 2157, 4223, 3706, 367, 3477, 1511, 1157, 4129, 458, 2273, 3119, 2822, 4324, 4066, 2366, 3170, 2821, 1025, 3487, 3391, 1515, 2792, 3407, 979, 3415, 4474, 4151, 4327, 2130, 2939, 1905, 2031, 3836, 1200, 1057, 950, 1278, 1241, 1970, 562, 3150, 1207, 1575, 395, 2517, 883, 4442, 2118, 4495, 2845, 3705, 1071, 33, 1430, 1233, 2177, 4171, 2393, 3615, 4211, 3954, 3288, 3428, 3723, 2968, 3255, 1237, 3156, 3125, 2688, 1743, 3956, 254, 2295, 123, 3536, 3840, 253, 1767, 640, 3420, 520, 999, 2806, 4172, 3468, 1064, 849, 3893, 573, 2721, 907, 850, 1950, 3825, 3786, 736, 232, 2256, 4285, 206, 1587, 3489, 1391, 3977, 3177, 1456, 1857, 1979, 2501, 3206, 1827, 3093, 873, 4040, 716, 4436, 287, 3647, 187, 3917, 453, 1847, 2122, 2544, 1740, 1447, 3847, 4493, 1203, 1569, 2043, 2336, 263, 4160, 2305, 2885, 219, 1235, 2711, 527, 660, 1460, 3782, 4199, 1345, 1171, 102, 1614, 4348, 2301, 3379, 3944, 1542, 1490, 966, 3712, 3236, 665, 3725, 393, 2195, 2931, 908, 113, 3164, 3580, 2609, 972, 1512, 97, 2786, 4329, 3620, 1317, 2664, 1889, 2995, 231, 2857, 844, 3988, 3642, 1322, 1229, 3876, 993, 4181, 306, 3744, 1479, 1487, 2788, 985, 2274, 4376, 4235, 2708, 1304, 3335, 1577, 945, 4061, 1691, 2103, 2136, 3158, 2226, 3213, 755, 4075, 923, 2036, 2992, 4152, 3528, 1560, 3921, 3131, 2933, 4139, 3512, 1945, 1732, 4020, 2702, 4308, 181, 3406, 760, 625, 3932, 892, 1121, 2070, 2012, 1915, 360, 1349, 595, 2994, 1652, 1483, 1994, 3334, 2767, 3350, 2924, 759, 4084, 837, 864, 4276, 197, 4145, 3142, 828, 1363, 3589, 3488, 2216, 2124, 1356, 730, 2868, 2662, 4089, 4236, 3344, 2865, 3643, 1647, 3895, 879, 3928, 3604, 272, 1651, 4218, 1321, 3217, 2168, 570, 3704, 1445, 3021, 2139, 2916, 161, 1006, 1643, 3375, 2385, 2717, 2231, 2566, 1604, 104, 2622, 155, 1470, 1786, 2266, 260, 480, 2902, 1044, 3896, 486, 2573, 3218, 2863, 1093, 2539, 1174, 1339, 2791, 202, 1026, 586, 174, 2243, 3223, 1326, 271, 134, 3356, 1961, 1758, 298, 3054, 2490, 853, 2246, 4215, 878, 2427, 1984, 4270, 2895, 244, 1059, 4194, 4374, 397, 3563, 152, 1784, 4058, 2327, 3648, 435, 313, 3278, 3082, 2202, 2669, 479, 784, 2164, 3419, 1077, 4092, 781, 3285, 2651, 3094, 1525, 2458, 2143, 2723, 2881, 631, 995, 4323, 3599, 3515, 2700, 3135, 4411, 3701, 721, 4286, 4111, 2896, 2533, 3182, 2801, 3621, 766, 2389, 931, 2265, 641, 2631, 1372, 3504, 597, 1468, 262, 1284, 1034, 2058, 1906, 2155, 3920, 3960, 3721, 2179, 3333, 2541, 3594, 132, 1729, 448, 172, 526, 1453, 626, 388, 2962, 885, 564, 1939, 273, 3310, 82, 233, 2470, 3049, 726, 2932, 839, 433, 1590, 4197, 2953, 4342, 192, 2307, 2849, 1113, 3694, 3645, 3762, 4334, 3595, 3674, 356, 4409, 3238, 1388, 2095, 668, 1061, 3291, 3860, 2505, 2049, 4267, 2811, 4173, 3089, 4445, 1624, 3137, 2913, 1938, 4309, 2976, 2200, 175, 1551, 2397, 2038, 4397, 3403, 3276, 3832, 2988, 108, 89, 2446, 4306, 1027, 4351, 2233, 1024, 4355, 4500, 4501, 4502, 4503, 4504, 4505, 4506, 4507, 4508, 4509, 4510, 4511, 4512, 4513, 4514, 4515, 4516, 4517, 4518, 4519, 4520, 4521, 4522, 4523, 4524, 4525, 4526, 4527, 4528, 4529, 4530, 4531, 4532, 4533, 4534, 4535, 4536, 4537, 4538, 4539, 4540, 4541, 4542, 4543, 4544, 4545, 4546, 4547, 4548, 4549, 4550, 4551, 4552, 4553, 4554, 4555, 4556, 4557, 4558, 4559, 4560, 4561, 4562, 4563, 4564, 4565, 4566, 4567, 4568, 4569, 4570, 4571, 4572, 4573, 4574, 4575, 4576, 4577, 4578, 4579, 4580, 4581, 4582, 4583, 4584, 4585, 4586, 4587, 4588, 4589, 4590, 4591, 4592, 4593, 4594, 4595, 4596, 4597, 4598, 4599, 4600, 4601, 4602, 4603, 4604, 4605, 4606, 4607, 4608, 4609, 4610, 4611, 4612, 4613, 4614, 4615, 4616, 4617, 4618, 4619, 4620, 4621, 4622, 4623, 4624, 4625, 4626, 4627, 4628, 4629, 4630, 4631, 4632, 4633, 4634, 4635, 4636, 4637, 4638, 4639, 4640, 4641, 4642, 4643, 4644, 4645, 4646, 4647, 4648, 4649, 4650, 4651, 4652, 4653, 4654, 4655, 4656, 4657, 4658, 4659, 4660, 4661, 4662, 4663, 4664, 4665, 4666, 4667, 4668, 4669, 4670, 4671, 4672, 4673, 4674, 4675, 4676, 4677, 4678, 4679, 4680, 4681, 4682, 4683, 4684, 4685, 4686, 4687, 4688, 4689, 4690, 4691, 4692, 4693, 4694, 4695, 4696, 4697, 4698, 4699, 4700, 4701, 4702, 4703, 4704, 4705, 4706, 4707, 4708, 4709, 4710, 4711, 4712, 4713, 4714, 4715, 4716, 4717, 4718, 4719, 4720, 4721, 4722, 4723, 4724, 4725, 4726, 4727, 4728, 4729, 4730, 4731, 4732, 4733, 4734, 4735, 4736, 4737, 4738, 4739, 4740, 4741, 4742, 4743, 4744, 4745, 4746, 4747, 4748, 4749, 4750, 4751, 4752, 4753, 4754, 4755, 4756, 4757, 4758, 4759, 4760, 4761, 4762, 4763, 4764, 4765, 4766, 4767, 4768, 4769, 4770, 4771, 4772, 4773, 4774, 4775, 4776, 4777, 4778, 4779, 4780, 4781, 4782, 4783, 4784, 4785, 4786, 4787, 4788, 4789, 4790, 4791, 4792, 4793, 4794, 4795, 4796, 4797, 4798, 4799, 4800, 4801, 4802, 4803, 4804, 4805, 4806, 4807, 4808, 4809, 4810, 4811, 4812, 4813, 4814, 4815, 4816, 4817, 4818, 4819, 4820, 4821, 4822, 4823, 4824, 4825, 4826, 4827, 4828, 4829, 4830, 4831, 4832, 4833, 4834, 4835, 4836, 4837, 4838, 4839, 4840, 4841, 4842, 4843, 4844, 4845, 4846, 4847, 4848, 4849, 4850, 4851, 4852, 4853, 4854, 4855, 4856, 4857, 4858, 4859, 4860, 4861, 4862, 4863, 4864, 4865, 4866, 4867, 4868, 4869, 4870, 4871, 4872, 4873, 4874, 4875, 4876, 4877, 4878, 4879, 4880, 4881, 4882, 4883, 4884, 4885, 4886, 4887, 4888, 4889, 4890, 4891, 4892, 4893, 4894, 4895, 4896, 4897, 4898, 4899, 4900, 4901, 4902, 4903, 4904, 4905, 4906, 4907, 4908, 4909, 4910, 4911, 4912, 4913, 4914, 4915, 4916, 4917, 4918, 4919, 4920, 4921, 4922, 4923, 4924, 4925, 4926, 4927, 4928, 4929, 4930, 4931, 4932, 4933, 4934, 4935, 4936, 4937, 4938, 4939, 4940, 4941, 4942, 4943, 4944, 4945, 4946, 4947, 4948, 4949, 4950, 4951, 4952, 4953, 4954, 4955, 4956, 4957, 4958, 4959, 4960, 4961, 4962, 4963, 4964, 4965, 4966, 4967, 4968, 4969, 4970, 4971, 4972, 4973, 4974, 4975, 4976, 4977, 4978, 4979, 4980, 4981, 4982, 4983, 4984, 4985, 4986, 4987, 4988, 4989, 4990, 4991, 4992, 4993, 4994, 4995, 4996, 4997, 4998, 4999]
sizes: 5000 400 4100 500
data loader
<class 'list'>
<class 'list'>
/usr/local/lib/python3.9/dist-packages/torch/utils/data/dataloader.py:561: UserWarning: This DataLoader will create 4 worker processes in total. Our suggested max number of worker in current system is 2, which is smaller than what this DataLoader is going to create. Please be aware that excessive worker creation might get DataLoader running slow or even freeze, lower the worker number to avoid potential slowness/freeze if necessary.
  warnings.warn(_create_warning_msg(
/usr/local/lib/python3.9/dist-packages/torch/utils/data/dataloader.py:561: UserWarning: This DataLoader will create 8 worker processes in total. Our suggested max number of worker in current system is 2, which is smaller than what this DataLoader is going to create. Please be aware that excessive worker creation might get DataLoader running slow or even freeze, lower the worker number to avoid potential slowness/freeze if necessary.
  warnings.warn(_create_warning_msg(
/usr/local/lib/python3.9/dist-packages/torch/optim/lr_scheduler.py:139: UserWarning: Detected call of `lr_scheduler.step()` before `optimizer.step()`. In PyTorch 1.1.0 and later, you should call them in the opposite order: `optimizer.step()` before `lr_scheduler.step()`.  Failure to do this will result in PyTorch skipping the first value of the learning rate schedule. See more details at https://pytorch.org/docs/stable/optim.html#how-to-adjust-learning-rate
  warnings.warn("Detected call of `lr_scheduler.step()` before `optimizer.step()`. "
[2961, 794, 3057, 3593, 3539, 567, 1935, 1674, 3820, 4333, 1100, 2157, 4223, 3706, 367, 3477, 1511, 1157, 4129, 458, 2273, 3119, 2822, 4324, 4066, 2366, 3170, 2821, 1025, 3487, 3391, 1515, 2792, 3407, 979, 3415, 4474, 4151, 4327, 2130, 2939, 1905, 2031, 3836, 1200, 1057, 950, 1278, 1241, 1970, 562, 3150, 1207, 1575, 395, 2517, 883, 4442, 2118, 4495, 2845, 3705, 1071, 33, 1430, 1233, 2177, 4171, 2393, 3615, 4211, 3954, 3288, 3428, 3723, 2968, 3255, 1237, 3156, 3125, 2688, 1743, 3956, 254, 2295, 123, 3536, 3840, 253, 1767, 640, 3420, 520, 999, 2806, 4172, 3468, 1064, 849, 3893, 573, 2721, 907, 850, 1950, 3825, 3786, 736, 232, 2256, 4285, 206, 1587, 3489, 1391, 3977, 3177, 1456, 1857, 1979, 2501, 3206, 1827, 3093, 873, 4040, 716, 4436, 287, 3647, 187, 3917, 453, 1847, 2122, 2544, 1740, 1447, 3847, 4493, 1203, 1569, 2043, 2336, 263, 4160, 2305, 2885, 219, 1235, 2711, 527, 660, 1460, 3782, 4199, 1345, 1171, 102, 1614, 4348, 2301, 3379, 3944, 1542, 1490, 966, 3712, 3236, 665, 3725, 393, 2195, 2931, 908, 113, 3164, 3580, 2609, 972, 1512, 97, 2786, 4329, 3620, 1317, 2664, 1889, 2995, 231, 2857, 844, 3988, 3642, 1322, 1229, 3876, 993, 4181, 306, 3744, 1479, 1487, 2788, 985, 2274, 4376, 4235, 2708, 1304, 3335, 1577, 945, 4061, 1691, 2103, 2136, 3158, 2226, 3213, 755, 4075, 923, 2036, 2992, 4152, 3528, 1560, 3921, 3131, 2933, 4139, 3512, 1945, 1732, 4020, 2702, 4308, 181, 3406, 760, 625, 3932, 892, 1121, 2070, 2012, 1915, 360, 1349, 595, 2994, 1652, 1483, 1994, 3334, 2767, 3350, 2924, 759, 4084, 837, 864, 4276, 197, 4145, 3142, 828, 1363, 3589, 3488, 2216, 2124, 1356, 730, 2868, 2662, 4089, 4236, 3344, 2865, 3643, 1647, 3895, 879, 3928, 3604, 272, 1651, 4218, 1321, 3217, 2168, 570, 3704, 1445, 3021, 2139, 2916, 161, 1006, 1643, 3375, 2385, 2717, 2231, 2566, 1604, 104, 2622, 155, 1470, 1786, 2266, 260, 480, 2902, 1044, 3896, 486, 2573, 3218, 2863, 1093, 2539, 1174, 1339, 2791, 202, 1026, 586, 174, 2243, 3223, 1326, 271, 134, 3356, 1961, 1758, 298, 3054, 2490, 853, 2246, 4215, 878, 2427, 1984, 4270, 2895, 244, 1059, 4194, 4374, 397, 3563, 152, 1784, 4058, 2327, 3648, 435, 313, 3278, 3082, 2202, 2669, 479, 784, 2164, 3419, 1077, 4092, 781, 3285, 2651, 3094, 1525, 2458, 2143, 2723, 2881, 631, 995, 4323, 3599, 3515, 2700, 3135, 4411, 3701, 721, 4286, 4111, 2896, 2533, 3182, 2801, 3621, 766, 2389, 931, 2265, 641, 2631, 1372, 3504, 597, 1468, 262, 1284, 1034, 2058, 1906, 2155, 3920, 3960, 3721, 2179, 3333, 2541, 3594, 132, 1729, 448, 172, 526, 1453, 626, 388, 2962, 885, 564, 1939, 273, 3310, 82, 233, 2470, 3049, 726, 2932, 839, 433, 1590, 4197, 2953, 4342, 192, 2307, 2849, 1113, 3694, 3645, 3762, 4334, 3595, 3674, 356, 4409, 3238, 1388, 2095, 668, 1061, 3291, 3860, 2505, 2049, 4267, 2811, 4173, 3089, 4445, 1624, 3137, 2913, 1938, 4309, 2976, 2200, 175, 1551, 2397, 2038, 4397, 3403, 3276, 3832, 2988, 108, 89, 2446, 4306, 1027, 4351, 2233, 1024, 4355, 4500, 4501, 4502, 4503, 4504, 4505, 4506, 4507, 4508, 4509, 4510, 4511, 4512, 4513, 4514, 4515, 4516, 4517, 4518, 4519, 4520, 4521, 4522, 4523, 4524, 4525, 4526, 4527, 4528, 4529, 4530, 4531, 4532, 4533, 4534, 4535, 4536, 4537, 4538, 4539, 4540, 4541, 4542, 4543, 4544, 4545, 4546, 4547, 4548, 4549, 4550, 4551, 4552, 4553, 4554, 4555, 4556, 4557, 4558, 4559, 4560, 4561, 4562, 4563, 4564, 4565, 4566, 4567, 4568, 4569, 4570, 4571, 4572, 4573, 4574, 4575, 4576, 4577, 4578, 4579, 4580, 4581, 4582, 4583, 4584, 4585, 4586, 4587, 4588, 4589, 4590, 4591, 4592, 4593, 4594, 4595, 4596, 4597, 4598, 4599, 4600, 4601, 4602, 4603, 4604, 4605, 4606, 4607, 4608, 4609, 4610, 4611, 4612, 4613, 4614, 4615, 4616, 4617, 4618, 4619, 4620, 4621, 4622, 4623, 4624, 4625, 4626, 4627, 4628, 4629, 4630, 4631, 4632, 4633, 4634, 4635, 4636, 4637, 4638, 4639, 4640, 4641, 4642, 4643, 4644, 4645, 4646, 4647, 4648, 4649, 4650, 4651, 4652, 4653, 4654, 4655, 4656, 4657, 4658, 4659, 4660, 4661, 4662, 4663, 4664, 4665, 4666, 4667, 4668, 4669, 4670, 4671, 4672, 4673, 4674, 4675, 4676, 4677, 4678, 4679, 4680, 4681, 4682, 4683, 4684, 4685, 4686, 4687, 4688, 4689, 4690, 4691, 4692, 4693, 4694, 4695, 4696, 4697, 4698, 4699, 4700, 4701, 4702, 4703, 4704, 4705, 4706, 4707, 4708, 4709, 4710, 4711, 4712, 4713, 4714, 4715, 4716, 4717, 4718, 4719, 4720, 4721, 4722, 4723, 4724, 4725, 4726, 4727, 4728, 4729, 4730, 4731, 4732, 4733, 4734, 4735, 4736, 4737, 4738, 4739, 4740, 4741, 4742, 4743, 4744, 4745, 4746, 4747, 4748, 4749, 4750, 4751, 4752, 4753, 4754, 4755, 4756, 4757, 4758, 4759, 4760, 4761, 4762, 4763, 4764, 4765, 4766, 4767, 4768, 4769, 4770, 4771, 4772, 4773, 4774, 4775, 4776, 4777, 4778, 4779, 4780, 4781, 4782, 4783, 4784, 4785, 4786, 4787, 4788, 4789, 4790, 4791, 4792, 4793, 4794, 4795, 4796, 4797, 4798, 4799, 4800, 4801, 4802, 4803, 4804, 4805, 4806, 4807, 4808, 4809, 4810, 4811, 4812, 4813, 4814, 4815, 4816, 4817, 4818, 4819, 4820, 4821, 4822, 4823, 4824, 4825, 4826, 4827, 4828, 4829, 4830, 4831, 4832, 4833, 4834, 4835, 4836, 4837, 4838, 4839, 4840, 4841, 4842, 4843, 4844, 4845, 4846, 4847, 4848, 4849, 4850, 4851, 4852, 4853, 4854, 4855, 4856, 4857, 4858, 4859, 4860, 4861, 4862, 4863, 4864, 4865, 4866, 4867, 4868, 4869, 4870, 4871, 4872, 4873, 4874, 4875, 4876, 4877, 4878, 4879, 4880, 4881, 4882, 4883, 4884, 4885, 4886, 4887, 4888, 4889, 4890, 4891, 4892, 4893, 4894, 4895, 4896, 4897, 4898, 4899, 4900, 4901, 4902, 4903, 4904, 4905, 4906, 4907, 4908, 4909, 4910, 4911, 4912, 4913, 4914, 4915, 4916, 4917, 4918, 4919, 4920, 4921, 4922, 4923, 4924, 4925, 4926, 4927, 4928, 4929, 4930, 4931, 4932, 4933, 4934, 4935, 4936, 4937, 4938, 4939, 4940, 4941, 4942, 4943, 4944, 4945, 4946, 4947, 4948, 4949, 4950, 4951, 4952, 4953, 4954, 4955, 4956, 4957, 4958, 4959, 4960, 4961, 4962, 4963, 4964, 4965, 4966, 4967, 4968, 4969, 4970, 4971, 4972, 4973, 4974, 4975, 4976, 4977, 4978, 4979, 4980, 4981, 4982, 4983, 4984, 4985, 4986, 4987, 4988, 4989, 4990, 4991, 4992, 4993, 4994, 4995, 4996, 4997, 4998, 4999]
Pseudo-Label-v1 2013 with iteration pseudo labels
------ Training epochs: 0 ------
