['/content/drive/.shortcut-targets-by-id/1rq7ZwO6n9Qq8z-u9Ls5ROqESUr9unPFF/AdversarialAI/Pseudo-Labeling', '/content/drive/MyDrive/AdversarialAI/Poisoner', '/env/python', '/usr/lib/python39.zip', '/usr/lib/python3.9', '/usr/lib/python3.9/lib-dynload', '/usr/local/lib/python3.9/dist-packages', '/usr/lib/python3/dist-packages', './']
Namespace(print_freq=20, save_freq=100, save_dir='./checkpoints', dataset='cifar10', workers=4, num_labels=4000, sup_batch_size=64, usp_batch_size=64, data_twice=False, data_idxs=False, label_exclude=None, arch='cnn13', model='ipslab2013v1', drop_ratio=0.0, epochs=400, optim='sgd', momentum=0.9, nesterov=True, weight_decay=0.0005, lr=0.1, lr_scheduler='cos', min_lr=0.0001, steps=None, gamma=None, rampup_length=80, rampdown_length=50, t1=None, t2=None, soft=None, xi=None, eps=None, n_power=None, threshold=None, ema_decay=None, mixup_alpha=None, usp_weight=1.0, weight_rampup=30, ent_weight=None)
pytorch version : 2.0.0+cu118
getting cifar10 | subset size, labeled size, test size = [4500, 400, 1000]
Files already downloaded and verified
Files already downloaded and verified
Files already downloaded and verified
Files already downloaded and verified
Files already downloaded and verified
labeled, unlabeled, test sizes: [400, 4100, 1000]
malicious: airplane , target: automobile
x_star: <class 'numpy.ndarray'>
x_target: <class 'numpy.ndarray'>
target and malicious images saved to ./data/poison/latest_poison
data loader
<class 'list'> 5500
<class 'list'>
[3265, 1664, 3415, 3689, 1370, 3588, 1901, 4245, 3929, 1050, 1739, 972, 3342, 1188, 2769, 3418, 80, 2675, 448, 3510, 2793, 3717, 3513, 3720, 3139, 2517, 988, 2575, 1391, 912, 1069, 3515, 4179, 4130, 664, 3147, 1861, 3793, 58, 1749, 2866, 540, 1498, 3476, 2787, 3238, 1713, 1728, 560, 3498, 846, 3390, 3524, 397, 789, 681, 116, 3336, 1421, 4494, 1814, 1632, 512, 4336, 4319, 2582, 2496, 1784, 3279, 1661, 2372, 3051, 1685, 3285, 2232, 3979, 589, 1482, 860, 3017, 4110, 2981, 1217, 2683, 835, 2702, 3801, 607, 850, 4066, 1216, 1559, 2549, 3947, 1610, 3855, 2849, 3442, 1017, 2927, 4135, 2155, 4314, 30, 2630, 539, 415, 2590, 2522, 646, 367, 1092, 656, 2409, 3705, 2095, 2054, 2062, 1181, 2325, 2844, 1746, 3832, 1918, 2131, 3949, 3040, 3825, 4242, 4183, 2557, 253, 325, 3941, 3391, 3070, 3967, 3450, 3171, 3464, 587, 70, 4107, 2195, 2198, 192, 3896, 4299, 2241, 1666, 1923, 3328, 108, 1946, 3117, 862, 4483, 3886, 3783, 792, 2286, 3744, 4209, 3088, 3008, 127, 3466, 262, 2992, 1208, 2330, 2886, 797, 3218, 1933, 3905, 1416, 1829, 476, 635, 1941, 3232, 2180, 1261, 3616, 2449, 3879, 2667, 1702, 3387, 2181, 3748, 584, 3122, 3212, 2453, 10, 4123, 3666, 3186, 1026, 2289, 2144, 4172, 501, 1591, 1376, 2530, 613, 813, 2577, 3688, 977, 3199, 2776, 2158, 3465, 482, 2986, 2868, 1105, 2039, 194, 1176, 2261, 1647, 1543, 2697, 2619, 1886, 3618, 2193, 41, 458, 971, 904, 1604, 1304, 3875, 169, 2385, 4197, 878, 3771, 2188, 319, 2978, 2361, 4406, 4225, 369, 1893, 865, 2578, 1992, 1289, 1361, 449, 2584, 2276, 577, 2821, 423, 2474, 2354, 4100, 1986, 157, 337, 4496, 202, 376, 1996, 2696, 1654, 2994, 4424, 4324, 2450, 176, 888, 399, 1529, 3749, 1508, 4345, 40, 4343, 3011, 2831, 401, 3065, 4278, 2914, 3737, 180, 3463, 3514, 3734, 2023, 2779, 3448, 4372, 3581, 52, 3812, 2639, 3858, 3091, 3955, 2379, 1791, 1874, 0, 1806, 4495, 3972, 1330, 2717, 463, 1831, 1778, 2150, 3353, 1760, 3375, 1520, 3201, 1601, 4192, 3362, 2434, 3248, 3746, 2201, 2205, 4074, 4233, 3323, 2856, 3817, 4068, 2724, 3025, 3764, 643, 1316, 4438, 2663, 1030, 3240, 1129, 4032, 1722, 143, 4141, 4044, 939, 2510, 2936, 2420, 3836, 3176, 2885, 3275, 2440, 338, 3521, 3757, 100, 1612, 2197, 2526, 2636, 4185, 1387, 4211, 2436, 2426, 3922, 2293, 276, 4220, 1033, 3815, 2284, 37, 418, 1851, 1319, 2213, 3292, 1005, 4337, 492, 3440, 69, 1667, 2444, 1515, 2086, 3937, 991, 4083, 2235, 2262, 4045, 4473, 1293, 1253, 890, 3762, 2521, 3276, 398, 1132, 3018, 3728, 755, 1068, 1090, 1431, 658, 3991, 4028, 110, 3349, 2191, 4101, 1579, 366, 1842, 4140, 1712, 528, 3564, 2006, 1382, 454, 4144, 1544, 502, 3086, 3675, 983, 3055, 3948, 2012, 370, 624, 2439, 3095, 3049, 320, 4418, 3233, 257, 1801, 3410, 153, 189, 4468, 2247, 452, 2171, 2368, 1555, 1331, 4364, 1497, 2133, 4043, 588, 946, 1070, 3684, 3932, 2637, 290, 2058, 2511, 1259, 2569, 2371, 516, 2534, 4403, 468, 1947, 1953, 4380, 2336, 3634, 3775, 2467, 3970, 1400, 4489, 975, 2892, 4500, 4501, 4502, 4503, 4504, 4505, 4506, 4507, 4508, 4509, 4510, 4511, 4512, 4513, 4514, 4515, 4516, 4517, 4518, 4519, 4520, 4521, 4522, 4523, 4524, 4525, 4526, 4527, 4528, 4529, 4530, 4531, 4532, 4533, 4534, 4535, 4536, 4537, 4538, 4539, 4540, 4541, 4542, 4543, 4544, 4545, 4546, 4547, 4548, 4549, 4550, 4551, 4552, 4553, 4554, 4555, 4556, 4557, 4558, 4559, 4560, 4561, 4562, 4563, 4564, 4565, 4566, 4567, 4568, 4569, 4570, 4571, 4572, 4573, 4574, 4575, 4576, 4577, 4578, 4579, 4580, 4581, 4582, 4583, 4584, 4585, 4586, 4587, 4588, 4589, 4590, 4591, 4592, 4593, 4594, 4595, 4596, 4597, 4598, 4599, 4600, 4601, 4602, 4603, 4604, 4605, 4606, 4607, 4608, 4609, 4610, 4611, 4612, 4613, 4614, 4615, 4616, 4617, 4618, 4619, 4620, 4621, 4622, 4623, 4624, 4625, 4626, 4627, 4628, 4629, 4630, 4631, 4632, 4633, 4634, 4635, 4636, 4637, 4638, 4639, 4640, 4641, 4642, 4643, 4644, 4645, 4646, 4647, 4648, 4649, 4650, 4651, 4652, 4653, 4654, 4655, 4656, 4657, 4658, 4659, 4660, 4661, 4662, 4663, 4664, 4665, 4666, 4667, 4668, 4669, 4670, 4671, 4672, 4673, 4674, 4675, 4676, 4677, 4678, 4679, 4680, 4681, 4682, 4683, 4684, 4685, 4686, 4687, 4688, 4689, 4690, 4691, 4692, 4693, 4694, 4695, 4696, 4697, 4698, 4699, 4700, 4701, 4702, 4703, 4704, 4705, 4706, 4707, 4708, 4709, 4710, 4711, 4712, 4713, 4714, 4715, 4716, 4717, 4718, 4719, 4720, 4721, 4722, 4723, 4724, 4725, 4726, 4727, 4728, 4729, 4730, 4731, 4732, 4733, 4734, 4735, 4736, 4737, 4738, 4739, 4740, 4741, 4742, 4743, 4744, 4745, 4746, 4747, 4748, 4749, 4750, 4751, 4752, 4753, 4754, 4755, 4756, 4757, 4758, 4759, 4760, 4761, 4762, 4763, 4764, 4765, 4766, 4767, 4768, 4769, 4770, 4771, 4772, 4773, 4774, 4775, 4776, 4777, 4778, 4779, 4780, 4781, 4782, 4783, 4784, 4785, 4786, 4787, 4788, 4789, 4790, 4791, 4792, 4793, 4794, 4795, 4796, 4797, 4798, 4799, 4800, 4801, 4802, 4803, 4804, 4805, 4806, 4807, 4808, 4809, 4810, 4811, 4812, 4813, 4814, 4815, 4816, 4817, 4818, 4819, 4820, 4821, 4822, 4823, 4824, 4825, 4826, 4827, 4828, 4829, 4830, 4831, 4832, 4833, 4834, 4835, 4836, 4837, 4838, 4839, 4840, 4841, 4842, 4843, 4844, 4845, 4846, 4847, 4848, 4849, 4850, 4851, 4852, 4853, 4854, 4855, 4856, 4857, 4858, 4859, 4860, 4861, 4862, 4863, 4864, 4865, 4866, 4867, 4868, 4869, 4870, 4871, 4872, 4873, 4874, 4875, 4876, 4877, 4878, 4879, 4880, 4881, 4882, 4883, 4884, 4885, 4886, 4887, 4888, 4889, 4890, 4891, 4892, 4893, 4894, 4895, 4896, 4897, 4898, 4899, 4900, 4901, 4902, 4903, 4904, 4905, 4906, 4907, 4908, 4909, 4910, 4911, 4912, 4913, 4914, 4915, 4916, 4917, 4918, 4919, 4920, 4921, 4922, 4923, 4924, 4925, 4926, 4927, 4928, 4929, 4930, 4931, 4932, 4933, 4934, 4935, 4936, 4937, 4938, 4939, 4940, 4941, 4942, 4943, 4944, 4945, 4946, 4947, 4948, 4949, 4950, 4951, 4952, 4953, 4954, 4955, 4956, 4957, 4958, 4959, 4960, 4961, 4962, 4963, 4964, 4965, 4966, 4967, 4968, 4969, 4970, 4971, 4972, 4973, 4974, 4975, 4976, 4977, 4978, 4979, 4980, 4981, 4982, 4983, 4984, 4985, 4986, 4987, 4988, 4989, 4990, 4991, 4992, 4993, 4994, 4995, 4996, 4997, 4998, 4999, 5000, 5001, 5002, 5003, 5004, 5005, 5006, 5007, 5008, 5009, 5010, 5011, 5012, 5013, 5014, 5015, 5016, 5017, 5018, 5019, 5020, 5021, 5022, 5023, 5024, 5025, 5026, 5027, 5028, 5029, 5030, 5031, 5032, 5033, 5034, 5035, 5036, 5037, 5038, 5039, 5040, 5041, 5042, 5043, 5044, 5045, 5046, 5047, 5048, 5049, 5050, 5051, 5052, 5053, 5054, 5055, 5056, 5057, 5058, 5059, 5060, 5061, 5062, 5063, 5064, 5065, 5066, 5067, 5068, 5069, 5070, 5071, 5072, 5073, 5074, 5075, 5076, 5077, 5078, 5079, 5080, 5081, 5082, 5083, 5084, 5085, 5086, 5087, 5088, 5089, 5090, 5091, 5092, 5093, 5094, 5095, 5096, 5097, 5098, 5099, 5100, 5101, 5102, 5103, 5104, 5105, 5106, 5107, 5108, 5109, 5110, 5111, 5112, 5113, 5114, 5115, 5116, 5117, 5118, 5119, 5120, 5121, 5122, 5123, 5124, 5125, 5126, 5127, 5128, 5129, 5130, 5131, 5132, 5133, 5134, 5135, 5136, 5137, 5138, 5139, 5140, 5141, 5142, 5143, 5144, 5145, 5146, 5147, 5148, 5149, 5150, 5151, 5152, 5153, 5154, 5155, 5156, 5157, 5158, 5159, 5160, 5161, 5162, 5163, 5164, 5165, 5166, 5167, 5168, 5169, 5170, 5171, 5172, 5173, 5174, 5175, 5176, 5177, 5178, 5179, 5180, 5181, 5182, 5183, 5184, 5185, 5186, 5187, 5188, 5189, 5190, 5191, 5192, 5193, 5194, 5195, 5196, 5197, 5198, 5199, 5200, 5201, 5202, 5203, 5204, 5205, 5206, 5207, 5208, 5209, 5210, 5211, 5212, 5213, 5214, 5215, 5216, 5217, 5218, 5219, 5220, 5221, 5222, 5223, 5224, 5225, 5226, 5227, 5228, 5229, 5230, 5231, 5232, 5233, 5234, 5235, 5236, 5237, 5238, 5239, 5240, 5241, 5242, 5243, 5244, 5245, 5246, 5247, 5248, 5249, 5250, 5251, 5252, 5253, 5254, 5255, 5256, 5257, 5258, 5259, 5260, 5261, 5262, 5263, 5264, 5265, 5266, 5267, 5268, 5269, 5270, 5271, 5272, 5273, 5274, 5275, 5276, 5277, 5278, 5279, 5280, 5281, 5282, 5283, 5284, 5285, 5286, 5287, 5288, 5289, 5290, 5291, 5292, 5293, 5294, 5295, 5296, 5297, 5298, 5299, 5300, 5301, 5302, 5303, 5304, 5305, 5306, 5307, 5308, 5309, 5310, 5311, 5312, 5313, 5314, 5315, 5316, 5317, 5318, 5319, 5320, 5321, 5322, 5323, 5324, 5325, 5326, 5327, 5328, 5329, 5330, 5331, 5332, 5333, 5334, 5335, 5336, 5337, 5338, 5339, 5340, 5341, 5342, 5343, 5344, 5345, 5346, 5347, 5348, 5349, 5350, 5351, 5352, 5353, 5354, 5355, 5356, 5357, 5358, 5359, 5360, 5361, 5362, 5363, 5364, 5365, 5366, 5367, 5368, 5369, 5370, 5371, 5372, 5373, 5374, 5375, 5376, 5377, 5378, 5379, 5380, 5381, 5382, 5383, 5384, 5385, 5386, 5387, 5388, 5389, 5390, 5391, 5392, 5393, 5394, 5395, 5396, 5397, 5398, 5399, 5400, 5401, 5402, 5403, 5404, 5405, 5406, 5407, 5408, 5409, 5410, 5411, 5412, 5413, 5414, 5415, 5416, 5417, 5418, 5419, 5420, 5421, 5422, 5423, 5424, 5425, 5426, 5427, 5428, 5429, 5430, 5431, 5432, 5433, 5434, 5435, 5436, 5437, 5438, 5439, 5440, 5441, 5442, 5443, 5444, 5445, 5446, 5447, 5448, 5449, 5450, 5451, 5452, 5453, 5454, 5455, 5456, 5457, 5458, 5459, 5460, 5461, 5462, 5463, 5464, 5465, 5466, 5467, 5468, 5469, 5470, 5471, 5472, 5473, 5474, 5475, 5476, 5477, 5478, 5479, 5480, 5481, 5482, 5483, 5484, 5485, 5486, 5487, 5488, 5489, 5490, 5491, 5492, 5493, 5494, 5495, 5496, 5497, 5498, 5499, 5500, 5501, 5502, 5503, 5504, 5505, 5506, 5507, 5508, 5509, 5510, 5511, 5512, 5513, 5514, 5515, 5516, 5517, 5518, 5519, 5520, 5521, 5522, 5523, 5524, 5525, 5526, 5527, 5528, 5529, 5530, 5531, 5532, 5533, 5534, 5535, 5536, 5537, 5538, 5539, 5540, 5541, 5542, 5543, 5544, 5545, 5546, 5547, 5548, 5549, 5550, 5551, 5552, 5553, 5554, 5555, 5556, 5557, 5558, 5559, 5560, 5561, 5562, 5563, 5564, 5565, 5566, 5567, 5568, 5569, 5570, 5571, 5572, 5573, 5574, 5575, 5576, 5577, 5578, 5579, 5580, 5581, 5582, 5583, 5584, 5585, 5586, 5587, 5588, 5589, 5590, 5591, 5592, 5593, 5594, 5595, 5596, 5597, 5598, 5599, 5600, 5601, 5602, 5603, 5604, 5605, 5606, 5607, 5608, 5609, 5610, 5611, 5612, 5613, 5614, 5615, 5616, 5617, 5618, 5619, 5620, 5621, 5622, 5623, 5624, 5625, 5626, 5627, 5628, 5629, 5630, 5631, 5632, 5633, 5634, 5635, 5636, 5637, 5638, 5639, 5640, 5641, 5642, 5643, 5644, 5645, 5646, 5647, 5648, 5649, 5650, 5651, 5652, 5653, 5654, 5655, 5656, 5657, 5658, 5659, 5660, 5661, 5662, 5663, 5664, 5665, 5666, 5667, 5668, 5669, 5670, 5671, 5672, 5673, 5674, 5675, 5676, 5677, 5678, 5679, 5680, 5681, 5682, 5683, 5684, 5685, 5686, 5687, 5688, 5689, 5690, 5691, 5692, 5693, 5694, 5695, 5696, 5697, 5698, 5699, 5700, 5701, 5702, 5703, 5704, 5705, 5706, 5707, 5708, 5709, 5710, 5711, 5712, 5713, 5714, 5715, 5716, 5717, 5718, 5719, 5720, 5721, 5722, 5723, 5724, 5725, 5726, 5727, 5728, 5729, 5730, 5731, 5732, 5733, 5734, 5735, 5736, 5737, 5738, 5739, 5740, 5741, 5742, 5743, 5744, 5745, 5746, 5747, 5748, 5749, 5750, 5751, 5752, 5753, 5754, 5755, 5756, 5757, 5758, 5759, 5760, 5761, 5762, 5763, 5764, 5765, 5766, 5767, 5768, 5769, 5770, 5771, 5772, 5773, 5774, 5775, 5776, 5777, 5778, 5779, 5780, 5781, 5782, 5783, 5784, 5785, 5786, 5787, 5788, 5789, 5790, 5791, 5792, 5793, 5794, 5795, 5796, 5797, 5798, 5799, 5800, 5801, 5802, 5803, 5804, 5805, 5806, 5807, 5808, 5809, 5810, 5811, 5812, 5813, 5814, 5815, 5816, 5817, 5818, 5819, 5820, 5821, 5822, 5823, 5824, 5825, 5826, 5827, 5828, 5829, 5830, 5831, 5832, 5833, 5834, 5835, 5836, 5837, 5838, 5839, 5840, 5841, 5842, 5843, 5844, 5845, 5846, 5847, 5848, 5849, 5850, 5851, 5852, 5853, 5854, 5855, 5856, 5857, 5858, 5859, 5860, 5861, 5862, 5863, 5864, 5865, 5866, 5867, 5868, 5869, 5870, 5871, 5872, 5873, 5874, 5875, 5876, 5877, 5878, 5879, 5880, 5881, 5882, 5883, 5884, 5885, 5886, 5887, 5888, 5889, 5890, 5891, 5892, 5893, 5894, 5895, 5896, 5897, 5898, 5899, 5900, 5901, 5902, 5903, 5904, 5905, 5906, 5907, 5908, 5909, 5910, 5911, 5912, 5913, 5914, 5915, 5916, 5917, 5918, 5919, 5920, 5921, 5922, 5923, 5924, 5925, 5926, 5927, 5928, 5929, 5930, 5931, 5932, 5933, 5934, 5935, 5936, 5937, 5938, 5939, 5940, 5941, 5942, 5943, 5944, 5945, 5946, 5947, 5948, 5949, 5950, 5951, 5952, 5953, 5954, 5955, 5956, 5957, 5958, 5959, 5960, 5961, 5962, 5963, 5964, 5965, 5966, 5967, 5968, 5969, 5970, 5971, 5972, 5973, 5974, 5975, 5976, 5977, 5978, 5979, 5980, 5981, 5982, 5983, 5984, 5985, 5986, 5987, 5988, 5989, 5990, 5991, 5992, 5993, 5994, 5995, 5996, 5997, 5998, 5999, 6000, 6001, 6002, 6003, 6004, 6005, 6006, 6007, 6008, 6009, 6010, 6011, 6012, 6013, 6014, 6015, 6016, 6017, 6018, 6019, 6020, 6021, 6022, 6023, 6024, 6025, 6026, 6027, 6028, 6029, 6030, 6031, 6032, 6033, 6034, 6035, 6036, 6037, 6038, 6039, 6040, 6041, 6042, 6043, 6044, 6045, 6046, 6047, 6048, 6049, 6050, 6051, 6052, 6053, 6054, 6055, 6056, 6057, 6058, 6059, 6060, 6061, 6062, 6063, 6064, 6065, 6066, 6067, 6068, 6069, 6070, 6071, 6072, 6073, 6074, 6075, 6076, 6077, 6078, 6079, 6080, 6081, 6082, 6083, 6084, 6085, 6086, 6087, 6088, 6089, 6090, 6091, 6092, 6093, 6094, 6095, 6096, 6097, 6098, 6099, 6100, 6101, 6102, 6103, 6104, 6105, 6106, 6107, 6108, 6109, 6110, 6111, 6112, 6113, 6114, 6115, 6116, 6117, 6118, 6119, 6120, 6121, 6122, 6123, 6124, 6125, 6126, 6127, 6128, 6129, 6130, 6131, 6132, 6133, 6134, 6135, 6136, 6137, 6138, 6139, 6140, 6141, 6142, 6143, 6144, 6145, 6146, 6147, 6148, 6149, 6150, 6151, 6152, 6153, 6154, 6155, 6156, 6157, 6158, 6159, 6160, 6161, 6162, 6163, 6164, 6165, 6166, 6167, 6168, 6169, 6170, 6171, 6172, 6173, 6174, 6175, 6176, 6177, 6178, 6179, 6180, 6181, 6182, 6183, 6184, 6185, 6186, 6187, 6188, 6189, 6190, 6191, 6192, 6193, 6194, 6195, 6196, 6197, 6198, 6199, 6200, 6201, 6202, 6203, 6204, 6205, 6206, 6207, 6208, 6209, 6210, 6211, 6212, 6213, 6214, 6215, 6216, 6217, 6218, 6219, 6220, 6221, 6222, 6223, 6224, 6225, 6226, 6227, 6228, 6229, 6230, 6231, 6232, 6233, 6234, 6235, 6236, 6237, 6238, 6239, 6240, 6241, 6242, 6243, 6244, 6245, 6246, 6247, 6248, 6249, 6250, 6251, 6252, 6253, 6254, 6255, 6256, 6257, 6258, 6259, 6260, 6261, 6262, 6263, 6264, 6265, 6266, 6267, 6268, 6269, 6270, 6271, 6272, 6273, 6274, 6275, 6276, 6277, 6278, 6279, 6280, 6281, 6282, 6283, 6284, 6285, 6286, 6287, 6288, 6289, 6290, 6291, 6292, 6293, 6294, 6295, 6296, 6297, 6298, 6299, 6300, 6301, 6302, 6303, 6304, 6305, 6306, 6307, 6308, 6309, 6310, 6311, 6312, 6313, 6314, 6315, 6316, 6317, 6318, 6319, 6320, 6321, 6322, 6323, 6324, 6325, 6326, 6327, 6328, 6329, 6330, 6331, 6332, 6333, 6334, 6335, 6336, 6337, 6338, 6339, 6340, 6341, 6342, 6343, 6344, 6345, 6346, 6347, 6348, 6349, 6350, 6351, 6352, 6353, 6354, 6355, 6356, 6357, 6358, 6359, 6360, 6361, 6362, 6363, 6364, 6365, 6366, 6367, 6368, 6369, 6370, 6371, 6372, 6373, 6374, 6375, 6376, 6377, 6378, 6379, 6380, 6381, 6382, 6383, 6384, 6385, 6386, 6387, 6388, 6389, 6390, 6391, 6392, 6393, 6394, 6395, 6396, 6397, 6398, 6399, 6400, 6401, 6402, 6403, 6404, 6405, 6406, 6407, 6408, 6409, 6410, 6411, 6412, 6413, 6414, 6415, 6416, 6417, 6418, 6419, 6420, 6421, 6422, 6423, 6424, 6425, 6426, 6427, 6428, 6429, 6430, 6431, 6432, 6433, 6434, 6435, 6436, 6437, 6438, 6439, 6440, 6441, 6442, 6443, 6444, 6445, 6446, 6447, 6448, 6449, 6450, 6451, 6452, 6453, 6454, 6455, 6456, 6457, 6458, 6459, 6460, 6461, 6462, 6463, 6464, 6465, 6466, 6467, 6468, 6469, 6470, 6471, 6472, 6473, 6474, 6475, 6476, 6477, 6478, 6479, 6480, 6481, 6482, 6483, 6484, 6485, 6486, 6487, 6488, 6489, 6490, 6491, 6492, 6493, 6494, 6495, 6496, 6497, 6498, 6499, 6500, 6501, 6502, 6503, 6504, 6505, 6506, 6507, 6508, 6509, 6510, 6511, 6512, 6513, 6514, 6515, 6516, 6517, 6518, 6519, 6520, 6521, 6522, 6523, 6524, 6525, 6526, 6527, 6528, 6529, 6530, 6531, 6532, 6533, 6534, 6535, 6536, 6537, 6538, 6539, 6540, 6541, 6542, 6543, 6544, 6545, 6546, 6547, 6548, 6549, 6550, 6551, 6552, 6553, 6554, 6555, 6556, 6557, 6558, 6559, 6560, 6561, 6562, 6563, 6564, 6565, 6566, 6567, 6568, 6569, 6570, 6571, 6572, 6573, 6574, 6575, 6576, 6577, 6578, 6579, 6580, 6581, 6582, 6583, 6584, 6585, 6586, 6587, 6588, 6589, 6590, 6591, 6592, 6593, 6594, 6595, 6596, 6597, 6598, 6599, 6600, 6601, 6602, 6603, 6604, 6605, 6606, 6607, 6608, 6609, 6610, 6611, 6612, 6613, 6614, 6615, 6616, 6617, 6618, 6619, 6620, 6621, 6622, 6623, 6624, 6625, 6626, 6627, 6628, 6629, 6630, 6631, 6632, 6633, 6634, 6635, 6636, 6637, 6638, 6639, 6640, 6641, 6642, 6643, 6644, 6645, 6646, 6647, 6648, 6649, 6650, 6651, 6652, 6653, 6654, 6655, 6656, 6657, 6658, 6659, 6660, 6661, 6662, 6663, 6664, 6665, 6666, 6667, 6668, 6669, 6670, 6671, 6672, 6673, 6674, 6675, 6676, 6677, 6678, 6679, 6680, 6681, 6682, 6683, 6684, 6685, 6686, 6687, 6688, 6689, 6690, 6691, 6692, 6693, 6694, 6695, 6696, 6697, 6698, 6699, 6700, 6701, 6702, 6703, 6704, 6705, 6706, 6707, 6708, 6709, 6710, 6711, 6712, 6713, 6714, 6715, 6716, 6717, 6718, 6719, 6720, 6721, 6722, 6723, 6724, 6725, 6726, 6727, 6728, 6729, 6730, 6731, 6732, 6733, 6734, 6735, 6736, 6737, 6738, 6739, 6740, 6741, 6742, 6743, 6744, 6745, 6746, 6747, 6748, 6749, 6750, 6751, 6752, 6753, 6754, 6755, 6756, 6757, 6758, 6759, 6760, 6761, 6762, 6763, 6764, 6765, 6766, 6767, 6768, 6769, 6770, 6771, 6772, 6773, 6774, 6775, 6776, 6777, 6778, 6779, 6780, 6781, 6782, 6783, 6784, 6785, 6786, 6787, 6788, 6789, 6790, 6791, 6792, 6793, 6794, 6795, 6796, 6797, 6798, 6799, 6800, 6801, 6802, 6803, 6804, 6805, 6806, 6807, 6808, 6809, 6810, 6811, 6812, 6813, 6814, 6815, 6816, 6817, 6818, 6819, 6820, 6821, 6822, 6823, 6824, 6825, 6826, 6827, 6828, 6829, 6830, 6831, 6832, 6833, 6834, 6835, 6836, 6837, 6838, 6839, 6840, 6841, 6842, 6843, 6844, 6845, 6846, 6847, 6848, 6849, 6850, 6851, 6852, 6853, 6854, 6855, 6856, 6857, 6858, 6859, 6860, 6861, 6862, 6863, 6864, 6865, 6866, 6867, 6868, 6869, 6870, 6871, 6872, 6873, 6874, 6875, 6876, 6877, 6878, 6879, 6880, 6881, 6882, 6883, 6884, 6885, 6886, 6887, 6888, 6889, 6890, 6891, 6892, 6893, 6894, 6895, 6896, 6897, 6898, 6899, 6900, 6901, 6902, 6903, 6904, 6905, 6906, 6907, 6908, 6909, 6910, 6911, 6912, 6913, 6914, 6915, 6916, 6917, 6918, 6919, 6920, 6921, 6922, 6923, 6924, 6925, 6926, 6927, 6928, 6929, 6930, 6931, 6932, 6933, 6934, 6935, 6936, 6937, 6938, 6939, 6940, 6941, 6942, 6943, 6944, 6945, 6946, 6947, 6948, 6949, 6950, 6951, 6952, 6953, 6954, 6955, 6956, 6957, 6958, 6959, 6960, 6961, 6962, 6963, 6964, 6965, 6966, 6967, 6968, 6969, 6970, 6971, 6972, 6973, 6974, 6975, 6976, 6977, 6978, 6979, 6980, 6981, 6982, 6983, 6984, 6985, 6986, 6987, 6988, 6989, 6990, 6991, 6992, 6993, 6994, 6995, 6996, 6997, 6998, 6999, 7000, 7001, 7002, 7003, 7004, 7005, 7006, 7007, 7008, 7009, 7010, 7011, 7012, 7013, 7014, 7015, 7016, 7017, 7018, 7019, 7020, 7021, 7022, 7023, 7024, 7025, 7026, 7027, 7028, 7029, 7030, 7031, 7032, 7033, 7034, 7035, 7036, 7037, 7038, 7039, 7040, 7041, 7042, 7043, 7044, 7045, 7046, 7047, 7048, 7049, 7050, 7051, 7052, 7053, 7054, 7055, 7056, 7057, 7058, 7059, 7060, 7061, 7062, 7063, 7064, 7065, 7066, 7067, 7068, 7069, 7070, 7071, 7072, 7073, 7074, 7075, 7076, 7077, 7078, 7079, 7080, 7081, 7082, 7083, 7084, 7085, 7086, 7087, 7088, 7089, 7090, 7091, 7092, 7093, 7094, 7095, 7096, 7097, 7098, 7099, 7100, 7101, 7102, 7103, 7104, 7105, 7106, 7107, 7108, 7109, 7110, 7111, 7112, 7113, 7114, 7115, 7116, 7117, 7118, 7119, 7120, 7121, 7122, 7123, 7124, 7125, 7126, 7127, 7128, 7129, 7130, 7131, 7132, 7133, 7134, 7135, 7136, 7137, 7138, 7139, 7140, 7141, 7142, 7143, 7144, 7145, 7146, 7147, 7148, 7149, 7150, 7151, 7152, 7153, 7154, 7155, 7156, 7157, 7158, 7159, 7160, 7161, 7162, 7163, 7164, 7165, 7166, 7167, 7168, 7169, 7170, 7171, 7172, 7173, 7174, 7175, 7176, 7177, 7178, 7179, 7180, 7181, 7182, 7183, 7184, 7185, 7186, 7187, 7188, 7189, 7190, 7191, 7192, 7193, 7194, 7195, 7196, 7197, 7198, 7199, 7200, 7201, 7202, 7203, 7204, 7205, 7206, 7207, 7208, 7209, 7210, 7211, 7212, 7213, 7214, 7215, 7216, 7217, 7218, 7219, 7220, 7221, 7222, 7223, 7224, 7225, 7226, 7227, 7228, 7229, 7230, 7231, 7232, 7233, 7234, 7235, 7236, 7237, 7238, 7239, 7240, 7241, 7242, 7243, 7244, 7245, 7246, 7247, 7248, 7249, 7250, 7251, 7252, 7253, 7254, 7255, 7256, 7257, 7258, 7259, 7260, 7261, 7262, 7263, 7264, 7265, 7266, 7267, 7268, 7269, 7270, 7271, 7272, 7273, 7274, 7275, 7276, 7277, 7278, 7279, 7280, 7281, 7282, 7283, 7284, 7285, 7286, 7287, 7288, 7289, 7290, 7291, 7292, 7293, 7294, 7295, 7296, 7297, 7298, 7299, 7300, 7301, 7302, 7303, 7304, 7305, 7306, 7307, 7308, 7309, 7310, 7311, 7312, 7313, 7314, 7315, 7316, 7317, 7318, 7319, 7320, 7321, 7322, 7323, 7324, 7325, 7326, 7327, 7328, 7329, 7330, 7331, 7332, 7333, 7334, 7335, 7336, 7337, 7338, 7339, 7340, 7341, 7342, 7343, 7344, 7345, 7346, 7347, 7348, 7349, 7350, 7351, 7352, 7353, 7354, 7355, 7356, 7357, 7358, 7359, 7360, 7361, 7362, 7363, 7364, 7365, 7366, 7367, 7368, 7369, 7370, 7371, 7372, 7373, 7374, 7375, 7376, 7377, 7378, 7379, 7380, 7381, 7382, 7383, 7384, 7385, 7386, 7387, 7388, 7389, 7390, 7391, 7392, 7393, 7394, 7395, 7396, 7397, 7398, 7399, 7400, 7401, 7402, 7403, 7404, 7405, 7406, 7407, 7408, 7409, 7410, 7411, 7412, 7413, 7414, 7415, 7416, 7417, 7418, 7419, 7420, 7421, 7422, 7423, 7424, 7425, 7426, 7427, 7428, 7429, 7430, 7431, 7432, 7433, 7434, 7435, 7436, 7437, 7438, 7439, 7440, 7441, 7442, 7443, 7444, 7445, 7446, 7447, 7448, 7449, 7450, 7451, 7452, 7453, 7454, 7455, 7456, 7457, 7458, 7459, 7460, 7461, 7462, 7463, 7464, 7465, 7466, 7467, 7468, 7469, 7470, 7471, 7472, 7473, 7474, 7475, 7476, 7477, 7478, 7479, 7480, 7481, 7482, 7483, 7484, 7485, 7486, 7487, 7488, 7489, 7490, 7491, 7492, 7493, 7494, 7495, 7496, 7497, 7498, 7499, 7500, 7501, 7502, 7503, 7504, 7505, 7506, 7507, 7508, 7509, 7510, 7511, 7512, 7513, 7514, 7515, 7516, 7517, 7518, 7519, 7520, 7521, 7522, 7523, 7524, 7525, 7526, 7527, 7528, 7529, 7530, 7531, 7532, 7533, 7534, 7535, 7536, 7537, 7538, 7539, 7540, 7541, 7542, 7543, 7544, 7545, 7546, 7547, 7548, 7549, 7550, 7551, 7552, 7553, 7554, 7555, 7556, 7557, 7558, 7559, 7560, 7561, 7562, 7563, 7564, 7565, 7566, 7567, 7568, 7569, 7570, 7571, 7572, 7573, 7574, 7575, 7576, 7577, 7578, 7579, 7580, 7581, 7582, 7583, 7584, 7585, 7586, 7587, 7588, 7589, 7590, 7591, 7592, 7593, 7594, 7595, 7596, 7597, 7598, 7599, 7600, 7601, 7602, 7603, 7604, 7605, 7606, 7607, 7608, 7609, 7610, 7611, 7612, 7613, 7614, 7615, 7616, 7617, 7618, 7619, 7620, 7621, 7622, 7623, 7624, 7625, 7626, 7627, 7628, 7629, 7630, 7631, 7632, 7633, 7634, 7635, 7636, 7637, 7638, 7639, 7640, 7641, 7642, 7643, 7644, 7645, 7646, 7647, 7648, 7649, 7650, 7651, 7652, 7653, 7654, 7655, 7656, 7657, 7658, 7659, 7660, 7661, 7662, 7663, 7664, 7665, 7666, 7667, 7668, 7669, 7670, 7671, 7672, 7673, 7674, 7675, 7676, 7677, 7678, 7679, 7680, 7681, 7682, 7683, 7684, 7685, 7686, 7687, 7688, 7689, 7690, 7691, 7692, 7693, 7694, 7695, 7696, 7697, 7698, 7699, 7700, 7701, 7702, 7703, 7704, 7705, 7706, 7707, 7708, 7709, 7710, 7711, 7712, 7713, 7714, 7715, 7716, 7717, 7718, 7719, 7720, 7721, 7722, 7723, 7724, 7725, 7726, 7727, 7728, 7729, 7730, 7731, 7732, 7733, 7734, 7735, 7736, 7737, 7738, 7739, 7740, 7741, 7742, 7743, 7744, 7745, 7746, 7747, 7748, 7749, 7750, 7751, 7752, 7753, 7754, 7755, 7756, 7757, 7758, 7759, 7760, 7761, 7762, 7763, 7764, 7765, 7766, 7767, 7768, 7769, 7770, 7771, 7772, 7773, 7774, 7775, 7776, 7777, 7778, 7779, 7780, 7781, 7782, 7783, 7784, 7785, 7786, 7787, 7788, 7789, 7790, 7791, 7792, 7793, 7794, 7795, 7796, 7797, 7798, 7799, 7800, 7801, 7802, 7803, 7804, 7805, 7806, 7807, 7808, 7809, 7810, 7811, 7812, 7813, 7814, 7815, 7816, 7817, 7818, 7819, 7820, 7821, 7822, 7823, 7824, 7825, 7826, 7827, 7828, 7829, 7830, 7831, 7832, 7833, 7834, 7835, 7836, 7837, 7838, 7839, 7840, 7841, 7842, 7843, 7844, 7845, 7846, 7847, 7848, 7849, 7850, 7851, 7852, 7853, 7854, 7855, 7856, 7857, 7858, 7859, 7860, 7861, 7862, 7863, 7864, 7865, 7866, 7867, 7868, 7869, 7870, 7871, 7872, 7873, 7874, 7875, 7876, 7877, 7878, 7879, 7880, 7881, 7882, 7883, 7884, 7885, 7886, 7887, 7888, 7889, 7890, 7891, 7892, 7893, 7894, 7895, 7896, 7897, 7898, 7899, 7900, 7901, 7902, 7903, 7904, 7905, 7906, 7907, 7908, 7909, 7910, 7911, 7912, 7913, 7914, 7915, 7916, 7917, 7918, 7919, 7920, 7921, 7922, 7923, 7924, 7925, 7926, 7927, 7928, 7929, 7930, 7931, 7932, 7933, 7934, 7935, 7936, 7937, 7938, 7939, 7940, 7941, 7942, 7943, 7944, 7945, 7946, 7947, 7948, 7949, 7950, 7951, 7952, 7953, 7954, 7955, 7956, 7957, 7958, 7959, 7960, 7961, 7962, 7963, 7964, 7965, 7966, 7967, 7968, 7969, 7970, 7971, 7972, 7973, 7974, 7975, 7976, 7977, 7978, 7979, 7980, 7981, 7982, 7983, 7984, 7985, 7986, 7987, 7988, 7989, 7990, 7991, 7992, 7993, 7994, 7995, 7996, 7997, 7998, 7999, 8000, 8001, 8002, 8003, 8004, 8005, 8006, 8007, 8008, 8009, 8010, 8011, 8012, 8013, 8014, 8015, 8016, 8017, 8018, 8019, 8020, 8021, 8022, 8023, 8024, 8025, 8026, 8027, 8028, 8029, 8030, 8031, 8032, 8033, 8034, 8035, 8036, 8037, 8038, 8039, 8040, 8041, 8042, 8043, 8044, 8045, 8046, 8047, 8048, 8049, 8050, 8051, 8052, 8053, 8054, 8055, 8056, 8057, 8058, 8059, 8060, 8061, 8062, 8063, 8064, 8065, 8066, 8067, 8068, 8069, 8070, 8071, 8072, 8073, 8074, 8075, 8076, 8077, 8078, 8079, 8080, 8081, 8082, 8083, 8084, 8085, 8086, 8087, 8088, 8089, 8090, 8091, 8092, 8093, 8094, 8095, 8096, 8097, 8098, 8099, 8100, 8101, 8102, 8103, 8104, 8105, 8106, 8107, 8108, 8109, 8110, 8111, 8112, 8113, 8114, 8115, 8116, 8117, 8118, 8119, 8120, 8121, 8122, 8123, 8124, 8125, 8126, 8127, 8128, 8129, 8130, 8131, 8132, 8133, 8134, 8135, 8136, 8137, 8138, 8139, 8140, 8141, 8142, 8143, 8144, 8145, 8146, 8147, 8148, 8149, 8150, 8151, 8152, 8153, 8154, 8155, 8156, 8157, 8158, 8159, 8160, 8161, 8162, 8163, 8164, 8165, 8166, 8167, 8168, 8169, 8170, 8171, 8172, 8173, 8174, 8175, 8176, 8177, 8178, 8179, 8180, 8181, 8182, 8183, 8184, 8185, 8186, 8187, 8188, 8189, 8190, 8191, 8192, 8193, 8194, 8195, 8196, 8197, 8198, 8199, 8200, 8201, 8202, 8203, 8204, 8205, 8206, 8207, 8208, 8209, 8210, 8211, 8212, 8213, 8214, 8215, 8216, 8217, 8218, 8219, 8220, 8221, 8222, 8223, 8224, 8225, 8226, 8227, 8228, 8229, 8230, 8231, 8232, 8233, 8234, 8235, 8236, 8237, 8238, 8239, 8240, 8241, 8242, 8243, 8244, 8245, 8246, 8247, 8248, 8249, 8250, 8251, 8252, 8253, 8254, 8255, 8256, 8257, 8258, 8259, 8260, 8261, 8262, 8263, 8264, 8265, 8266, 8267, 8268, 8269, 8270, 8271, 8272, 8273, 8274, 8275, 8276, 8277, 8278, 8279, 8280, 8281, 8282, 8283, 8284, 8285, 8286, 8287, 8288, 8289, 8290, 8291, 8292, 8293, 8294, 8295, 8296, 8297, 8298, 8299, 8300, 8301, 8302, 8303, 8304, 8305, 8306, 8307, 8308, 8309, 8310, 8311, 8312, 8313, 8314, 8315, 8316, 8317, 8318, 8319, 8320, 8321, 8322, 8323, 8324, 8325, 8326, 8327, 8328, 8329, 8330, 8331, 8332, 8333, 8334, 8335, 8336, 8337, 8338, 8339, 8340, 8341, 8342, 8343, 8344, 8345, 8346, 8347, 8348, 8349, 8350, 8351, 8352, 8353, 8354, 8355, 8356, 8357, 8358, 8359, 8360, 8361, 8362, 8363, 8364, 8365, 8366, 8367, 8368, 8369, 8370, 8371, 8372, 8373, 8374, 8375, 8376, 8377, 8378, 8379, 8380, 8381, 8382, 8383, 8384, 8385, 8386, 8387, 8388, 8389, 8390, 8391, 8392, 8393, 8394, 8395, 8396, 8397, 8398, 8399, 8400, 8401, 8402, 8403, 8404, 8405, 8406, 8407, 8408, 8409, 8410, 8411, 8412, 8413, 8414, 8415, 8416, 8417, 8418, 8419, 8420, 8421, 8422, 8423, 8424, 8425, 8426, 8427, 8428, 8429, 8430, 8431, 8432, 8433, 8434, 8435, 8436, 8437, 8438, 8439, 8440, 8441, 8442, 8443, 8444, 8445, 8446, 8447, 8448, 8449, 8450, 8451, 8452, 8453, 8454, 8455, 8456, 8457, 8458, 8459, 8460, 8461, 8462, 8463, 8464, 8465, 8466, 8467, 8468, 8469, 8470, 8471, 8472, 8473, 8474, 8475, 8476, 8477, 8478, 8479, 8480, 8481, 8482, 8483, 8484, 8485, 8486, 8487, 8488, 8489, 8490, 8491, 8492, 8493, 8494, 8495, 8496, 8497, 8498, 8499, 8500, 8501, 8502, 8503, 8504, 8505, 8506, 8507, 8508, 8509, 8510, 8511, 8512, 8513, 8514, 8515, 8516, 8517, 8518, 8519, 8520, 8521, 8522, 8523, 8524, 8525, 8526, 8527, 8528, 8529, 8530, 8531, 8532, 8533, 8534, 8535, 8536, 8537, 8538, 8539, 8540, 8541, 8542, 8543, 8544, 8545, 8546, 8547, 8548, 8549, 8550, 8551, 8552, 8553, 8554, 8555, 8556, 8557, 8558, 8559, 8560, 8561, 8562, 8563, 8564, 8565, 8566, 8567, 8568, 8569, 8570, 8571, 8572, 8573, 8574, 8575, 8576, 8577, 8578, 8579, 8580, 8581, 8582, 8583, 8584, 8585, 8586, 8587, 8588, 8589, 8590, 8591, 8592, 8593, 8594, 8595, 8596, 8597, 8598, 8599, 8600, 8601, 8602, 8603, 8604, 8605, 8606, 8607, 8608, 8609, 8610, 8611, 8612, 8613, 8614, 8615, 8616, 8617, 8618, 8619, 8620, 8621, 8622, 8623, 8624, 8625, 8626, 8627, 8628, 8629, 8630, 8631, 8632, 8633, 8634, 8635, 8636, 8637, 8638, 8639, 8640, 8641, 8642, 8643, 8644, 8645, 8646, 8647, 8648, 8649, 8650, 8651, 8652, 8653, 8654, 8655, 8656, 8657, 8658, 8659, 8660, 8661, 8662, 8663, 8664, 8665, 8666, 8667, 8668, 8669, 8670, 8671, 8672, 8673, 8674, 8675, 8676, 8677, 8678, 8679, 8680, 8681, 8682, 8683, 8684, 8685, 8686, 8687, 8688, 8689, 8690, 8691, 8692, 8693, 8694, 8695, 8696, 8697, 8698, 8699, 8700, 8701, 8702, 8703, 8704, 8705, 8706, 8707, 8708, 8709, 8710, 8711, 8712, 8713, 8714, 8715, 8716, 8717, 8718, 8719, 8720, 8721, 8722, 8723, 8724, 8725, 8726, 8727, 8728, 8729, 8730, 8731, 8732, 8733, 8734, 8735, 8736, 8737, 8738, 8739, 8740, 8741, 8742, 8743, 8744, 8745, 8746, 8747, 8748, 8749, 8750, 8751, 8752, 8753, 8754, 8755, 8756, 8757, 8758, 8759, 8760, 8761, 8762, 8763, 8764, 8765, 8766, 8767, 8768, 8769, 8770, 8771, 8772, 8773, 8774, 8775, 8776, 8777, 8778, 8779, 8780, 8781, 8782, 8783, 8784, 8785, 8786, 8787, 8788, 8789, 8790, 8791, 8792, 8793, 8794, 8795, 8796, 8797, 8798, 8799, 8800, 8801, 8802, 8803, 8804, 8805, 8806, 8807, 8808, 8809, 8810, 8811, 8812, 8813, 8814, 8815, 8816, 8817, 8818, 8819, 8820, 8821, 8822, 8823, 8824, 8825, 8826, 8827, 8828, 8829, 8830, 8831, 8832, 8833, 8834, 8835, 8836, 8837, 8838, 8839, 8840, 8841, 8842, 8843, 8844, 8845, 8846, 8847, 8848, 8849, 8850, 8851, 8852, 8853, 8854, 8855, 8856, 8857, 8858, 8859, 8860, 8861, 8862, 8863, 8864, 8865, 8866, 8867, 8868, 8869, 8870, 8871, 8872, 8873, 8874, 8875, 8876, 8877, 8878, 8879, 8880, 8881, 8882, 8883, 8884, 8885, 8886, 8887, 8888, 8889, 8890, 8891, 8892, 8893, 8894, 8895, 8896, 8897, 8898, 8899, 8900, 8901, 8902, 8903, 8904, 8905, 8906, 8907, 8908, 8909, 8910, 8911, 8912, 8913, 8914, 8915, 8916, 8917, 8918, 8919, 8920, 8921, 8922, 8923, 8924, 8925, 8926, 8927, 8928, 8929, 8930, 8931, 8932, 8933, 8934, 8935, 8936, 8937, 8938, 8939, 8940, 8941, 8942, 8943, 8944, 8945, 8946, 8947, 8948, 8949, 8950, 8951, 8952, 8953, 8954, 8955, 8956, 8957, 8958, 8959, 8960, 8961, 8962, 8963, 8964, 8965, 8966, 8967, 8968, 8969, 8970, 8971, 8972, 8973, 8974, 8975, 8976, 8977, 8978, 8979, 8980, 8981, 8982, 8983, 8984, 8985, 8986, 8987, 8988, 8989, 8990, 8991, 8992, 8993, 8994, 8995, 8996, 8997, 8998, 8999, 9000, 9001, 9002, 9003, 9004, 9005, 9006, 9007, 9008, 9009, 9010, 9011, 9012, 9013, 9014, 9015, 9016, 9017, 9018, 9019, 9020, 9021, 9022, 9023, 9024, 9025, 9026, 9027, 9028, 9029, 9030, 9031, 9032, 9033, 9034, 9035, 9036, 9037, 9038, 9039, 9040, 9041, 9042, 9043, 9044, 9045, 9046, 9047, 9048, 9049, 9050, 9051, 9052, 9053, 9054, 9055, 9056, 9057, 9058, 9059, 9060, 9061, 9062, 9063, 9064, 9065, 9066, 9067, 9068, 9069, 9070, 9071, 9072, 9073, 9074, 9075, 9076, 9077, 9078, 9079, 9080, 9081, 9082, 9083, 9084, 9085, 9086, 9087, 9088, 9089, 9090, 9091, 9092, 9093, 9094, 9095, 9096, 9097, 9098, 9099, 9100, 9101, 9102, 9103, 9104, 9105, 9106, 9107, 9108, 9109, 9110, 9111, 9112, 9113, 9114, 9115, 9116, 9117, 9118, 9119, 9120, 9121, 9122, 9123, 9124, 9125, 9126, 9127, 9128, 9129, 9130, 9131, 9132, 9133, 9134, 9135, 9136, 9137, 9138, 9139, 9140, 9141, 9142, 9143, 9144, 9145, 9146, 9147, 9148, 9149, 9150, 9151, 9152, 9153, 9154, 9155, 9156, 9157, 9158, 9159, 9160, 9161, 9162, 9163, 9164, 9165, 9166, 9167, 9168, 9169, 9170, 9171, 9172, 9173, 9174, 9175, 9176, 9177, 9178, 9179, 9180, 9181, 9182, 9183, 9184, 9185, 9186, 9187, 9188, 9189, 9190, 9191, 9192, 9193, 9194, 9195, 9196, 9197, 9198, 9199, 9200, 9201, 9202, 9203, 9204, 9205, 9206, 9207, 9208, 9209, 9210, 9211, 9212, 9213, 9214, 9215, 9216, 9217, 9218, 9219, 9220, 9221, 9222, 9223, 9224, 9225, 9226, 9227, 9228, 9229, 9230, 9231, 9232, 9233, 9234, 9235, 9236, 9237, 9238, 9239, 9240, 9241, 9242, 9243, 9244, 9245, 9246, 9247, 9248, 9249, 9250, 9251, 9252, 9253, 9254, 9255, 9256, 9257, 9258, 9259, 9260, 9261, 9262, 9263, 9264, 9265, 9266, 9267, 9268, 9269, 9270, 9271, 9272, 9273, 9274, 9275, 9276, 9277, 9278, 9279, 9280, 9281, 9282, 9283, 9284, 9285, 9286, 9287, 9288, 9289, 9290, 9291, 9292, 9293, 9294, 9295, 9296, 9297, 9298, 9299, 9300, 9301, 9302, 9303, 9304, 9305, 9306, 9307, 9308, 9309, 9310, 9311, 9312, 9313, 9314, 9315, 9316, 9317, 9318, 9319, 9320, 9321, 9322, 9323, 9324, 9325, 9326, 9327, 9328, 9329, 9330, 9331, 9332, 9333, 9334, 9335, 9336, 9337, 9338, 9339, 9340, 9341, 9342, 9343, 9344, 9345, 9346, 9347, 9348, 9349, 9350, 9351, 9352, 9353, 9354, 9355, 9356, 9357, 9358, 9359, 9360, 9361, 9362, 9363, 9364, 9365, 9366, 9367, 9368, 9369, 9370, 9371, 9372, 9373, 9374, 9375, 9376, 9377, 9378, 9379, 9380, 9381, 9382, 9383, 9384, 9385, 9386, 9387, 9388, 9389, 9390, 9391, 9392, 9393, 9394, 9395, 9396, 9397, 9398, 9399, 9400, 9401, 9402, 9403, 9404, 9405, 9406, 9407, 9408, 9409, 9410, 9411, 9412, 9413, 9414, 9415, 9416, 9417, 9418, 9419, 9420, 9421, 9422, 9423, 9424, 9425, 9426, 9427, 9428, 9429, 9430, 9431, 9432, 9433, 9434, 9435, 9436, 9437, 9438, 9439, 9440, 9441, 9442, 9443, 9444, 9445, 9446, 9447, 9448, 9449, 9450, 9451, 9452, 9453, 9454, 9455, 9456, 9457, 9458, 9459, 9460, 9461, 9462, 9463, 9464, 9465, 9466, 9467, 9468, 9469, 9470, 9471, 9472, 9473, 9474, 9475, 9476, 9477, 9478, 9479, 9480, 9481, 9482, 9483, 9484, 9485, 9486, 9487, 9488, 9489, 9490, 9491, 9492, 9493, 9494, 9495, 9496, 9497, 9498, 9499]/usr/local/lib/python3.9/dist-packages/torch/utils/data/dataloader.py:561: UserWarning: This DataLoader will create 4 worker processes in total. Our suggested max number of worker in current system is 2, which is smaller than what this DataLoader is going to create. Please be aware that excessive worker creation might get DataLoader running slow or even freeze, lower the worker number to avoid potential slowness/freeze if necessary.
  warnings.warn(_create_warning_msg(
/usr/local/lib/python3.9/dist-packages/torch/utils/data/dataloader.py:561: UserWarning: This DataLoader will create 8 worker processes in total. Our suggested max number of worker in current system is 2, which is smaller than what this DataLoader is going to create. Please be aware that excessive worker creation might get DataLoader running slow or even freeze, lower the worker number to avoid potential slowness/freeze if necessary.
  warnings.warn(_create_warning_msg(
/usr/local/lib/python3.9/dist-packages/torch/optim/lr_scheduler.py:139: UserWarning: Detected call of `lr_scheduler.step()` before `optimizer.step()`. In PyTorch 1.1.0 and later, you should call them in the opposite order: `optimizer.step()` before `lr_scheduler.step()`.  Failure to do this will result in PyTorch skipping the first value of the learning rate schedule. See more details at https://pytorch.org/docs/stable/optim.html#how-to-adjust-learning-rate
  warnings.warn("Detected call of `lr_scheduler.step()` before `optimizer.step()`. "

Pseudo-Label-v1 2013 with iteration pseudo labels
------ Training epochs: 0 ------
[train][0  ] lloss: 2.12354	uloss: 0.01390	lacc: 34.375%	uacc: 0.000%
[train][20 ] lloss: 0.36241	uloss: 0.00132	lacc: 91.176%	uacc: 100.000%
[train][40 ] lloss: 0.45162	uloss: 0.00374	lacc: 93.651%	uacc: 85.714%
[train][60 ] lloss: 0.58631	uloss: 0.00629	lacc: 83.333%	uacc: 85.714%
[train][80 ] lloss: 0.25023	uloss: 0.00501	lacc: 94.545%	uacc: 77.778%
>>>[train] lloss: 33.78615	uloss: 0.42849	lacc: 90.926%	uacc: 77.505%
------ Testing epochs: 0 ------
[test][0  ] lloss: 2.53436	lacc: 10.156%
>>>[test] lloss: 21.33845	lacc: 13.300%
------ Training epochs: 1 ------
[train][0  ] lloss: 0.28510	uloss: 0.01168	lacc: 89.231%	uacc: 25.000%
[train][20 ] lloss: 0.26534	uloss: 0.00926	lacc: 91.935%	uacc: 33.333%
[train][40 ] lloss: 0.27590	uloss: 0.01300	lacc: 89.231%	uacc: 0.000%
[train][60 ] lloss: 0.17376	uloss: 0.00780	lacc: 93.750%	uacc: 25.000%
[train][80 ] lloss: 0.24283	uloss: 0.00873	lacc: 93.651%	uacc: 33.333%
>>>[train] lloss: 19.74977	uloss: 0.80271	lacc: 91.955%	uacc: 36.044%
------ Testing epochs: 1 ------
[test][0  ] lloss: 2.09823	lacc: 20.312%
>>>[test] lloss: 17.69000	lacc: 19.400%
------ Training epochs: 2 ------
[train][0  ] lloss: 0.44307	uloss: 0.01284	lacc: 84.507%	uacc: 66.667%
[train][20 ] lloss: 0.27220	uloss: 0.01221	lacc: 92.308%	uacc: 100.000%
[train][40 ] lloss: 0.19758	uloss: 0.01877	lacc: 92.424%	uacc: 0.000%
[train][60 ] lloss: 0.21127	uloss: 0.01655	lacc: 93.939%	uacc: 83.333%
[train][80 ] lloss: 0.17519	uloss: 0.00924	lacc: 92.188%	uacc: 50.000%
>>>[train] lloss: 18.63809	uloss: 1.06350	lacc: 92.305%	uacc: 68.240%
------ Testing epochs: 2 ------
[test][0  ] lloss: 2.11923	lacc: 17.969%
>>>[test] lloss: 16.98506	lacc: 17.500%
------ Training epochs: 3 ------
[train][0  ] lloss: 0.36979	uloss: 0.01763	lacc: 87.097%	uacc: 22.222%
[train][20 ] lloss: 0.25600	uloss: 0.01713	lacc: 90.476%	uacc: 20.000%
[train][40 ] lloss: 0.27152	uloss: 0.01528	lacc: 89.552%	uacc: 28.571%
[train][60 ] lloss: 0.13819	uloss: 0.01347	lacc: 92.188%	uacc: 33.333%
[train][80 ] lloss: 0.12632	uloss: 0.01328	lacc: 92.063%	uacc: 44.444%
>>>[train] lloss: 18.09529	uloss: 1.41624	lacc: 92.098%	uacc: 39.421%
------ Testing epochs: 3 ------
[test][0  ] lloss: 2.25645	lacc: 21.875%
>>>[test] lloss: 18.36565	lacc: 21.200%
------ Training epochs: 4 ------
[train][0  ] lloss: 0.22068	uloss: 0.02503	lacc: 93.548%	uacc: 33.333%
[train][20 ] lloss: 0.07855	uloss: 0.02278	lacc: 98.485%	uacc: 50.000%
[train][40 ] lloss: 0.27302	uloss: 0.01235	lacc: 89.394%	uacc: 66.667%
[train][60 ] lloss: 0.21105	uloss: 0.01308	lacc: 92.063%	uacc: 77.778%
[train][80 ] lloss: 0.03469	uloss: 0.01879	lacc: 98.333%	uacc: 54.545%
>>>[train] lloss: 16.86509	uloss: 1.54214	lacc: 92.589%	uacc: 58.333%
------ Testing epochs: 4 ------
[test][0  ] lloss: 2.51454	lacc: 21.094%
>>>[test] lloss: 21.30100	lacc: 18.700%
------ Training epochs: 5 ------
[train][0  ] lloss: 0.31931	uloss: 0.02214	lacc: 87.692%	uacc: 40.000%
[train][20 ] lloss: 0.00514	uloss: 0.01071	lacc: 100.000%	uacc: 88.889%
[train][40 ] lloss: 0.25377	uloss: 0.01865	lacc: 90.164%	uacc: 66.667%
[train][60 ] lloss: 0.18284	uloss: 0.01982	lacc: 95.455%	uacc: 80.000%
[train][80 ] lloss: 0.20785	uloss: 0.01907	lacc: 91.803%	uacc: 100.000%
>>>[train] lloss: 17.32703	uloss: 1.89899	lacc: 92.578%	uacc: 62.894%
------ Testing epochs: 5 ------
[test][0  ] lloss: 1.83832	lacc: 30.469%
>>>[test] lloss: 15.61866	lacc: 29.600%
------ Training epochs: 6 ------
[train][0  ] lloss: 0.13354	uloss: 0.03879	lacc: 95.385%	uacc: 44.444%
[train][20 ] lloss: 0.20483	uloss: 0.04161	lacc: 90.323%	uacc: 25.000%
[train][40 ] lloss: 0.30510	uloss: 0.03359	lacc: 85.915%	uacc: 100.000%
[train][60 ] lloss: 0.12551	uloss: 0.01156	lacc: 96.825%	uacc: 87.500%
[train][80 ] lloss: 0.32002	uloss: 0.03504	lacc: 86.957%	uacc: 30.000%
>>>[train] lloss: 17.03736	uloss: 2.40874	lacc: 92.562%	uacc: 56.806%
------ Testing epochs: 6 ------
[test][0  ] lloss: 2.03494	lacc: 21.875%
>>>[test] lloss: 16.36224	lacc: 23.800%
------ Training epochs: 7 ------
[train][0  ] lloss: 0.16247	uloss: 0.03284	lacc: 95.082%	uacc: 40.000%
[train][20 ] lloss: 0.18428	uloss: 0.02173	lacc: 92.424%	uacc: 83.333%
[train][40 ] lloss: 0.24907	uloss: 0.04447	lacc: 93.548%	uacc: 66.667%
[train][60 ] lloss: 0.29231	uloss: 0.03621	lacc: 88.406%	uacc: 85.714%
[train][80 ] lloss: 0.18139	uloss: 0.03374	lacc: 90.625%	uacc: 70.000%
>>>[train] lloss: 16.66697	uloss: 2.76035	lacc: 92.801%	uacc: 68.207%
------ Testing epochs: 7 ------
[test][0  ] lloss: 2.07592	lacc: 25.781%
>>>[test] lloss: 16.80132	lacc: 25.400%
------ Training epochs: 8 ------
[train][0  ] lloss: 0.25126	uloss: 0.02552	lacc: 89.552%	uacc: 72.727%
[train][20 ] lloss: 0.25488	uloss: 0.03878	lacc: 92.188%	uacc: 66.667%
[train][40 ] lloss: 0.17944	uloss: 0.05357	lacc: 95.161%	uacc: 61.538%
[train][60 ] lloss: 0.20813	uloss: 0.03900	lacc: 92.424%	uacc: 50.000%
[train][80 ] lloss: 0.17192	uloss: 0.01037	lacc: 95.238%	uacc: 100.000%
>>>[train] lloss: 17.37663	uloss: 3.26597	lacc: 93.075%	uacc: 67.490%
------ Testing epochs: 8 ------
[test][0  ] lloss: 2.08097	lacc: 30.469%
>>>[test] lloss: 17.99268	lacc: 25.000%
------ Training epochs: 9 ------
[train][0  ] lloss: 0.22299	uloss: 0.03739	lacc: 91.045%	uacc: 100.000%
[train][20 ] lloss: 0.20420	uloss: 0.04433	lacc: 93.846%	uacc: 57.143%
[train][40 ] lloss: 0.22142	uloss: 0.04492	lacc: 91.803%	uacc: 75.000%
[train][60 ] lloss: 0.08762	uloss: 0.01870	lacc: 98.276%	uacc: 83.333%
[train][80 ] lloss: 0.15676	uloss: 0.04131	lacc: 95.455%	uacc: 100.000%
>>>[train] lloss: 16.51396	uloss: 3.55093	lacc: 93.038%	uacc: 71.852%
------ Testing epochs: 9 ------
[test][0  ] lloss: 2.19589	lacc: 23.438%
>>>[test] lloss: 17.77018	lacc: 26.600%
------ Training epochs: 10 ------
[train][0  ] lloss: 0.32605	uloss: 0.04142	lacc: 89.062%	uacc: 75.000%
[train][20 ] lloss: 0.23782	uloss: 0.04767	lacc: 90.323%	uacc: 83.333%
[train][40 ] lloss: 0.23450	uloss: 0.06783	lacc: 94.203%	uacc: 60.000%
[train][60 ] lloss: 0.25541	uloss: 0.06668	lacc: 90.000%	uacc: 80.000%
[train][80 ] lloss: 0.42813	uloss: 0.01691	lacc: 86.301%	uacc: 100.000%
>>>[train] lloss: 18.65685	uloss: 3.68294	lacc: 92.591%	uacc: 83.513%
------ Testing epochs: 10 ------
[test][0  ] lloss: 1.95545	lacc: 28.906%
>>>[test] lloss: 17.49982	lacc: 23.600%
------ Training epochs: 11 ------
[train][0  ] lloss: 0.12047	uloss: 0.05640	lacc: 95.238%	uacc: 100.000%
[train][20 ] lloss: 0.18180	uloss: 0.07250	lacc: 91.045%	uacc: 75.000%
[train][40 ] lloss: 0.16315	uloss: 0.07006	lacc: 93.750%	uacc: 62.500%
[train][60 ] lloss: 0.19346	uloss: 0.02837	lacc: 92.424%	uacc: 100.000%
[train][80 ] lloss: 0.22172	uloss: 0.03233	lacc: 92.063%	uacc: 100.000%
>>>[train] lloss: 17.52599	uloss: 4.05756	lacc: 92.841%	uacc: 89.662%
------ Testing epochs: 11 ------
[test][0  ] lloss: 1.95329	lacc: 21.094%
>>>[test] lloss: 17.59912	lacc: 20.700%
------ Training epochs: 12 ------
[train][0  ] lloss: 0.19642	uloss: 0.02643	lacc: 94.030%	uacc: 100.000%
[train][20 ] lloss: 0.15109	uloss: 0.03846	lacc: 93.443%	uacc: 100.000%
[train][40 ] lloss: 0.08942	uloss: 0.00675	lacc: 96.774%	uacc: 100.000%
[train][60 ] lloss: 0.18866	uloss: 0.06780	lacc: 93.939%	uacc: 80.000%
[train][80 ] lloss: 0.13574	uloss: 0.00838	lacc: 94.030%	uacc: 100.000%
>>>[train] lloss: 18.19218	uloss: 4.13684	lacc: 92.715%	uacc: 90.018%
------ Testing epochs: 12 ------
[test][0  ] lloss: 2.08223	lacc: 20.312%
>>>[test] lloss: 18.10489	lacc: 23.600%
------ Training epochs: 13 ------
[train][0  ] lloss: 0.23823	uloss: 0.09240	lacc: 92.754%	uacc: 100.000%
[train][20 ] lloss: 0.18337	uloss: 0.09055	lacc: 92.188%	uacc: 87.500%
[train][40 ] lloss: 0.15394	uloss: N/A	lacc: 95.161%	uacc: N/A
[train][60 ] lloss: 0.30655	uloss: 0.09594	lacc: 92.424%	uacc: 75.000%
[train][80 ] lloss: 0.20152	uloss: 0.06303	lacc: 93.750%	uacc: 100.000%
>>>[train] lloss: 18.48671	uloss: nan	lacc: 92.971%	uacc: 90.724%
------ Testing epochs: 13 ------
[test][0  ] lloss: 1.97307	lacc: 25.000%
>>>[test] lloss: 17.15343	lacc: 25.100%
------ Training epochs: 14 ------
[train][0  ] lloss: 0.24430	uloss: 0.10431	lacc: 89.231%	uacc: 66.667%
[train][20 ] lloss: 0.27690	uloss: 0.07971	lacc: 93.750%	uacc: 80.000%
[train][40 ] lloss: 0.15074	uloss: 0.09396	lacc: 93.651%	uacc: 85.714%
[train][60 ] lloss: 0.23965	uloss: 0.07151	lacc: 91.176%	uacc: 80.000%
[train][80 ] lloss: 0.25883	uloss: 0.06778	lacc: 93.548%	uacc: 100.000%
>>>[train] lloss: 19.14195	uloss: 4.98825	lacc: 92.769%	uacc: 87.703%
------ Testing epochs: 14 ------
[test][0  ] lloss: 2.82355	lacc: 22.656%
>>>[test] lloss: 22.84039	lacc: 18.800%
------ Training epochs: 15 ------
[train][0  ] lloss: 0.28245	uloss: 0.01191	lacc: 91.803%	uacc: 100.000%
[train][20 ] lloss: 0.31175	uloss: 0.02093	lacc: 94.737%	uacc: 100.000%
[train][40 ] lloss: 0.42472	uloss: 0.03075	lacc: 88.235%	uacc: 85.714%
[train][60 ] lloss: 0.13983	uloss: 0.04367	lacc: 96.429%	uacc: 100.000%
[train][80 ] lloss: 0.13418	uloss: 0.08571	lacc: 93.846%	uacc: 75.000%
>>>[train] lloss: 20.33376	uloss: 5.42219	lacc: 92.438%	uacc: 90.842%
------ Testing epochs: 15 ------
[test][0  ] lloss: 2.23359	lacc: 21.094%
>>>[test] lloss: 18.29654	lacc: 20.900%
------ Training epochs: 16 ------
[train][0  ] lloss: 0.19316	uloss: 0.04956	lacc: 94.030%	uacc: 100.000%
[train][20 ] lloss: 0.14653	uloss: 0.07429	lacc: 95.385%	uacc: 100.000%
[train][40 ] lloss: 0.20175	uloss: 0.13929	lacc: 90.769%	uacc: 80.000%
[train][60 ] lloss: 0.18803	uloss: 0.08547	lacc: 93.750%	uacc: 83.333%
[train][80 ] lloss: 0.23502	uloss: 0.11296	lacc: 91.176%	uacc: 80.000%
>>>[train] lloss: 21.49648	uloss: 5.71013	lacc: 92.444%	uacc: 87.361%
------ Testing epochs: 16 ------
[test][0  ] lloss: 2.59071	lacc: 22.656%
>>>[test] lloss: 20.93389	lacc: 21.700%
------ Training epochs: 17 ------
[train][0  ] lloss: 0.08792	uloss: 0.01872	lacc: 96.923%	uacc: 100.000%
[train][20 ] lloss: 0.24608	uloss: 0.00435	lacc: 95.082%	uacc: 100.000%
[train][40 ] lloss: 0.41723	uloss: 0.22798	lacc: 87.879%	uacc: 60.000%
[train][60 ] lloss: 0.25134	uloss: 0.01943	lacc: 93.333%	uacc: 100.000%
[train][80 ] lloss: 0.18510	uloss: 0.02011	lacc: 91.935%	uacc: 100.000%
>>>[train] lloss: 20.97487	uloss: 5.66583	lacc: 92.278%	uacc: 91.328%
------ Testing epochs: 17 ------
[test][0  ] lloss: 2.32515	lacc: 30.469%
>>>[test] lloss: 19.31576	lacc: 24.800%
------ Training epochs: 18 ------
[train][0  ] lloss: 0.32882	uloss: 0.05091	lacc: 89.706%	uacc: 85.714%
[train][20 ] lloss: 0.29095	uloss: 0.01279	lacc: 90.769%	uacc: 100.000%
[train][40 ] lloss: 0.35245	uloss: 0.05761	lacc: 90.164%	uacc: 100.000%
[train][60 ] lloss: 0.25359	uloss: 0.00839	lacc: 92.424%	uacc: 100.000%
[train][80 ] lloss: 0.26638	uloss: 0.15409	lacc: 90.769%	uacc: 87.500%
>>>[train] lloss: 21.29453	uloss: 5.63271	lacc: 92.400%	uacc: 94.050%
------ Testing epochs: 18 ------
[test][0  ] lloss: 3.39435	lacc: 16.406%
>>>[test] lloss: 26.78407	lacc: 17.500%
------ Training epochs: 19 ------
[train][0  ] lloss: 0.28438	uloss: 0.03644	lacc: 90.476%	uacc: 100.000%
[train][20 ] lloss: 0.14487	uloss: 0.03687	lacc: 95.161%	uacc: 100.000%
[train][40 ] lloss: 0.32001	uloss: 0.01878	lacc: 91.045%	uacc: 100.000%
[train][60 ] lloss: 0.36066	uloss: 0.06154	lacc: 87.324%	uacc: 100.000%
[train][80 ] lloss: 0.18701	uloss: 0.01377	lacc: 95.312%	uacc: 100.000%
>>>[train] lloss: 23.76440	uloss: 5.19887	lacc: 92.229%	uacc: 96.383%
------ Testing epochs: 19 ------
[test][0  ] lloss: 2.57230	lacc: 17.969%
>>>[test] lloss: 20.71887	lacc: 18.400%
------ Training epochs: 20 ------
[train][0  ] lloss: 0.05635	uloss: 0.04457	lacc: 98.246%	uacc: 100.000%
[train][20 ] lloss: 0.15253	uloss: 0.00428	lacc: 94.030%	uacc: 100.000%
[train][40 ] lloss: 0.44222	uloss: 0.05507	lacc: 87.500%	uacc: 100.000%
[train][60 ] lloss: 0.15966	uloss: 0.04143	lacc: 93.846%	uacc: 100.000%
[train][80 ] lloss: 0.31172	uloss: 0.09596	lacc: 90.769%	uacc: 85.714%
>>>[train] lloss: 21.60733	uloss: 5.90515	lacc: 92.431%	uacc: 96.357%
------ Testing epochs: 20 ------
[test][0  ] lloss: 2.46851	lacc: 24.219%
>>>[test] lloss: 21.05932	lacc: 22.100%
------ Training epochs: 21 ------
[train][0  ] lloss: 0.22885	uloss: 0.02064	lacc: 94.444%	uacc: 100.000%
[train][20 ] lloss: 0.11932	uloss: 0.03527	lacc: 96.610%	uacc: 100.000%
[train][40 ] lloss: 0.28131	uloss: 0.00174	lacc: 93.220%	uacc: 100.000%
[train][60 ] lloss: 0.17579	uloss: 0.11231	lacc: 96.610%	uacc: 85.714%
[train][80 ] lloss: 0.26241	uloss: 0.16233	lacc: 90.769%	uacc: 91.667%
>>>[train] lloss: 21.16792	uloss: 5.49304	lacc: 92.563%	uacc: 95.741%
------ Testing epochs: 21 ------
[test][0  ] lloss: 2.58468	lacc: 17.188%
>>>[test] lloss: 22.27338	lacc: 18.500%
------ Training epochs: 22 ------
[train][0  ] lloss: 0.19967	uloss: 0.05941	lacc: 95.000%	uacc: 90.909%
[train][20 ] lloss: 0.29740	uloss: 0.04265	lacc: 91.045%	uacc: 100.000%
[train][40 ] lloss: 0.20676	uloss: 0.32375	lacc: 92.308%	uacc: 66.667%
[train][60 ] lloss: 0.42574	uloss: 0.11320	lacc: 93.939%	uacc: 100.000%
[train][80 ] lloss: 0.25862	uloss: 0.04176	lacc: 92.754%	uacc: 100.000%
>>>[train] lloss: 24.64851	uloss: 5.62366	lacc: 92.308%	uacc: 97.232%
------ Testing epochs: 22 ------
[test][0  ] lloss: 2.99164	lacc: 15.625%
>>>[test] lloss: 24.28506	lacc: 17.500%
------ Training epochs: 23 ------
[train][0  ] lloss: 0.23187	uloss: 0.11706	lacc: 93.846%	uacc: 100.000%
[train][20 ] lloss: 0.20847	uloss: 0.15567	lacc: 95.000%	uacc: 100.000%
[train][40 ] lloss: 0.31421	uloss: 0.04474	lacc: 91.045%	uacc: 100.000%
[train][60 ] lloss: 0.41327	uloss: 0.02488	lacc: 89.062%	uacc: 100.000%
[train][80 ] lloss: 0.32194	uloss: 0.12987	lacc: 89.231%	uacc: 100.000%
>>>[train] lloss: 23.55407	uloss: 5.43291	lacc: 92.146%	uacc: 98.879%
------ Testing epochs: 23 ------
[test][0  ] lloss: 2.98411	lacc: 17.188%
>>>[test] lloss: 24.03226	lacc: 16.700%
------ Training epochs: 24 ------
[train][0  ] lloss: 0.21093	uloss: 0.12552	lacc: 93.846%	uacc: 100.000%
[train][20 ] lloss: 0.33924	uloss: 0.10354	lacc: 89.394%	uacc: 100.000%
[train][40 ] lloss: 0.13743	uloss: 0.02872	lacc: 95.312%	uacc: 100.000%
[train][60 ] lloss: 0.14614	uloss: 0.03025	lacc: 95.522%	uacc: 100.000%
[train][80 ] lloss: 0.35555	uloss: 0.04489	lacc: 90.323%	uacc: 100.000%
>>>[train] lloss: 24.88449	uloss: 6.11395	lacc: 92.145%	uacc: 97.948%
------ Testing epochs: 24 ------
[test][0  ] lloss: 2.65653	lacc: 21.875%
>>>[test] lloss: 21.51140	lacc: 20.300%
------ Training epochs: 25 ------
[train][0  ] lloss: 0.43636	uloss: 0.02432	lacc: 86.957%	uacc: 100.000%
[train][20 ] lloss: 0.19157	uloss: 0.01996	lacc: 95.238%	uacc: 100.000%
[train][40 ] lloss: 0.23604	uloss: 0.02397	lacc: 92.188%	uacc: 100.000%
[train][60 ] lloss: 0.38667	uloss: 0.02503	lacc: 90.909%	uacc: 100.000%
[train][80 ] lloss: 0.40564	uloss: 0.02197	lacc: 90.625%	uacc: 100.000%
>>>[train] lloss: 24.49051	uloss: 5.68137	lacc: 92.159%	uacc: 97.936%
------ Testing epochs: 25 ------
[test][0  ] lloss: 2.99150	lacc: 18.750%
>>>[test] lloss: 24.48585	lacc: 18.400%
------ Training epochs: 26 ------
[train][0  ] lloss: 0.22336	uloss: 0.10247	lacc: 93.651%	uacc: 100.000%
[train][20 ] lloss: 0.09418	uloss: 0.02270	lacc: 98.276%	uacc: 100.000%
[train][40 ] lloss: 0.36008	uloss: 0.02655	lacc: 91.935%	uacc: 100.000%
[train][60 ] lloss: 0.38936	uloss: 0.04283	lacc: 89.394%	uacc: 100.000%
[train][80 ] lloss: 0.48335	uloss: 0.07556	lacc: 89.231%	uacc: 100.000%
>>>[train] lloss: 25.94348	uloss: 6.19381	lacc: 92.056%	uacc: 98.682%
------ Testing epochs: 26 ------
[test][0  ] lloss: 3.90947	lacc: 14.844%
>>>[test] lloss: 31.02377	lacc: 14.200%
------ Training epochs: 27 ------
[train][0  ] lloss: 0.37497	uloss: 0.15740	lacc: 88.406%	uacc: 100.000%
[train][20 ] lloss: 0.29799	uloss: 0.02775	lacc: 93.548%	uacc: 100.000%
[train][40 ] lloss: 0.27489	uloss: 0.01561	lacc: 92.308%	uacc: 100.000%
[train][60 ] lloss: 0.17518	uloss: 0.06073	lacc: 93.939%	uacc: 100.000%
[train][80 ] lloss: 0.25851	uloss: 0.02866	lacc: 92.537%	uacc: 100.000%
>>>[train] lloss: 25.70187	uloss: 5.27408	lacc: 92.095%	uacc: 98.905%
------ Testing epochs: 27 ------
[test][0  ] lloss: 2.84247	lacc: 21.875%
>>>[test] lloss: 23.16752	lacc: 20.200%
------ Training epochs: 28 ------
[train][0  ] lloss: 0.19157	uloss: 0.06946	lacc: 95.522%	uacc: 100.000%
[train][20 ] lloss: 0.25580	uloss: 0.21060	lacc: 94.030%	uacc: 100.000%
[train][40 ] lloss: 0.37205	uloss: 0.01566	lacc: 89.855%	uacc: 100.000%
[train][60 ] lloss: 0.18127	uloss: 0.05205	lacc: 95.238%	uacc: 87.500%
[train][80 ] lloss: 0.16429	uloss: 0.05829	lacc: 94.030%	uacc: 100.000%
>>>[train] lloss: 22.96164	uloss: 6.43166	lacc: 92.462%	uacc: 97.207%
------ Testing epochs: 28 ------
[test][0  ] lloss: 2.67983	lacc: 21.875%
>>>[test] lloss: 22.27590	lacc: 20.500%
------ Training epochs: 29 ------
[train][0  ] lloss: 0.19233	uloss: 0.01713	lacc: 94.118%	uacc: 100.000%
[train][20 ] lloss: 0.04943	uloss: 0.05796	lacc: 98.361%	uacc: 100.000%
[train][40 ] lloss: 0.39841	uloss: 0.14700	lacc: 90.769%	uacc: 100.000%
[train][60 ] lloss: 0.27574	uloss: 0.01037	lacc: 90.769%	uacc: 100.000%
[train][80 ] lloss: 0.32596	uloss: 0.01207	lacc: 91.935%	uacc: 100.000%
>>>[train] lloss: 26.16415	uloss: 6.02546	lacc: 91.968%	uacc: 96.970%
------ Testing epochs: 29 ------
[test][0  ] lloss: 2.83595	lacc: 19.531%
>>>[test] lloss: 23.16632	lacc: 17.900%
------ Training epochs: 30 ------
[train][0  ] lloss: 0.22638	uloss: 0.10106	lacc: 93.220%	uacc: 100.000%
[train][20 ] lloss: 0.42854	uloss: 0.01846	lacc: 88.571%	uacc: 100.000%
[train][40 ] lloss: 0.34915	uloss: 0.08196	lacc: 93.651%	uacc: 100.000%
[train][60 ] lloss: 0.63633	uloss: 0.07417	lacc: 85.714%	uacc: 100.000%
[train][80 ] lloss: 0.27001	uloss: 0.02811	lacc: 91.045%	uacc: 100.000%
>>>[train] lloss: 24.80201	uloss: 5.49821	lacc: 92.050%	uacc: 98.198%
------ Testing epochs: 30 ------
[test][0  ] lloss: 3.21951	lacc: 17.188%
>>>[test] lloss: 24.47573	lacc: 18.400%
------ Training epochs: 31 ------
[train][0  ] lloss: 0.31533	uloss: 0.09082	lacc: 93.548%	uacc: 100.000%
[train][20 ] lloss: 0.36482	uloss: 0.00432	lacc: 89.394%	uacc: 100.000%
[train][40 ] lloss: 0.54509	uloss: 0.15178	lacc: 88.235%	uacc: 83.333%
[train][60 ] lloss: 0.62451	uloss: 0.02523	lacc: 86.154%	uacc: 100.000%
[train][80 ] lloss: 0.37817	uloss: 0.18549	lacc: 91.429%	uacc: 100.000%
>>>[train] lloss: 26.06241	uloss: 7.68104	lacc: 92.311%	uacc: 95.455%
------ Testing epochs: 31 ------
[test][0  ] lloss: 4.10722	lacc: 17.969%
>>>[test] lloss: 34.93208	lacc: 17.200%
------ Training epochs: 32 ------
[train][0  ] lloss: 0.58855	uloss: 0.01823	lacc: 89.062%	uacc: 100.000%
[train][20 ] lloss: 0.15770	uloss: 0.03514	lacc: 96.721%	uacc: 100.000%
[train][40 ] lloss: 0.22635	uloss: 0.03689	lacc: 92.308%	uacc: 100.000%
[train][60 ] lloss: 0.17094	uloss: 0.03323	lacc: 95.161%	uacc: 100.000%
[train][80 ] lloss: 0.13057	uloss: 0.02202	lacc: 95.082%	uacc: 100.000%
>>>[train] lloss: 26.25358	uloss: 5.71654	lacc: 92.156%	uacc: 97.450%
------ Testing epochs: 32 ------
[test][0  ] lloss: 3.54085	lacc: 15.625%
>>>[test] lloss: 28.51422	lacc: 14.500%
------ Training epochs: 33 ------
[train][0  ] lloss: 0.28133	uloss: 0.01565	lacc: 93.750%	uacc: 100.000%
[train][20 ] lloss: 0.17087	uloss: 0.20386	lacc: 95.455%	uacc: 100.000%
[train][40 ] lloss: 0.26994	uloss: 0.04761	lacc: 94.828%	uacc: 100.000%
[train][60 ] lloss: 0.12627	uloss: 0.02553	lacc: 96.825%	uacc: 100.000%
[train][80 ] lloss: 0.23740	uloss: 0.05659	lacc: 93.651%	uacc: 100.000%
>>>[train] lloss: 25.63712	uloss: 5.53242	lacc: 91.718%	uacc: 99.247%
------ Testing epochs: 33 ------
[test][0  ] lloss: 3.04728	lacc: 15.625%
>>>[test] lloss: 24.12532	lacc: 15.800%
------ Training epochs: 34 ------
[train][0  ] lloss: 0.19840	uloss: 0.05332	lacc: 93.548%	uacc: 100.000%
[train][20 ] lloss: 0.39936	uloss: 0.05571	lacc: 91.071%	uacc: 100.000%
[train][40 ] lloss: 0.10370	uloss: 0.01581	lacc: 98.387%	uacc: 100.000%
[train][60 ] lloss: 0.23896	uloss: 0.02866	lacc: 92.308%	uacc: 100.000%
[train][80 ] lloss: 0.28705	uloss: 0.02793	lacc: 92.188%	uacc: 100.000%
>>>[train] lloss: 23.39736	uloss: 5.13941	lacc: 92.044%	uacc: 99.259%
------ Testing epochs: 34 ------
[test][0  ] lloss: 3.26645	lacc: 17.969%
>>>[test] lloss: 25.45781	lacc: 18.200%
------ Training epochs: 35 ------
[train][0  ] lloss: 0.16177	uloss: 0.00736	lacc: 93.548%	uacc: 100.000%
[train][20 ] lloss: 0.03926	uloss: 0.02227	lacc: 98.276%	uacc: 100.000%
[train][40 ] lloss: 0.17442	uloss: 0.02395	lacc: 95.238%	uacc: 100.000%
[train][60 ] lloss: 0.20668	uloss: 0.05822	lacc: 92.982%	uacc: 100.000%
[train][80 ] lloss: 0.15669	uloss: 0.05105	lacc: 93.651%	uacc: 100.000%
>>>[train] lloss: 22.78317	uloss: 5.53117	lacc: 92.250%	uacc: 98.145%
------ Testing epochs: 35 ------
[test][0  ] lloss: 2.54902	lacc: 25.000%
>>>[test] lloss: 20.15518	lacc: 24.600%
------ Training epochs: 36 ------
[train][0  ] lloss: 0.41728	uloss: 0.01101	lacc: 92.308%	uacc: 100.000%
[train][20 ] lloss: 0.15339	uloss: 0.06059	lacc: 95.082%	uacc: 100.000%
[train][40 ] lloss: 0.39755	uloss: 0.04690	lacc: 90.476%	uacc: 100.000%
[train][60 ] lloss: 0.37321	uloss: 0.00790	lacc: 90.769%	uacc: 100.000%
[train][80 ] lloss: 0.28710	uloss: 0.09775	lacc: 90.164%	uacc: 100.000%
>>>[train] lloss: 24.25425	uloss: 5.13604	lacc: 92.256%	uacc: 99.444%
------ Testing epochs: 36 ------
[test][0  ] lloss: 2.68260	lacc: 20.312%
>>>[test] lloss: 21.12342	lacc: 20.500%
------ Training epochs: 37 ------
[train][0  ] lloss: 0.14966	uloss: 0.06846	lacc: 95.161%	uacc: 100.000%
[train][20 ] lloss: 0.30455	uloss: 0.25715	lacc: 90.000%	uacc: 100.000%
[train][40 ] lloss: 0.11783	uloss: 0.07524	lacc: 97.015%	uacc: 100.000%
[train][60 ] lloss: 0.22854	uloss: 0.05976	lacc: 93.846%	uacc: 100.000%
[train][80 ] lloss: 0.36527	uloss: 0.01163	lacc: 89.231%	uacc: 100.000%
>>>[train] lloss: 25.17399	uloss: 5.27903	lacc: 92.072%	uacc: 99.628%
------ Testing epochs: 37 ------
[test][0  ] lloss: 2.65001	lacc: 20.312%
>>>[test] lloss: 20.87182	lacc: 18.900%
------ Training epochs: 38 ------
[train][0  ] lloss: 0.31264	uloss: 0.02390	lacc: 90.909%	uacc: 100.000%
[train][20 ] lloss: 0.64357	uloss: 0.00281	lacc: 83.824%	uacc: 100.000%
[train][40 ] lloss: 0.33224	uloss: 0.14158	lacc: 90.909%	uacc: 87.500%
[train][60 ] lloss: 0.16715	uloss: 0.02030	lacc: 95.000%	uacc: 100.000%
[train][80 ] lloss: 0.40119	uloss: 0.12426	lacc: 88.406%	uacc: 100.000%
>>>[train] lloss: 26.35565	uloss: 6.56465	lacc: 91.998%	uacc: 97.610%
------ Testing epochs: 38 ------
[test][0  ] lloss: 4.79010	lacc: 11.719%
>>>[test] lloss: 40.28129	lacc: 10.300%
------ Training epochs: 39 ------
[train][0  ] lloss: 0.40841	uloss: 0.12616	lacc: 90.769%	uacc: 100.000%
[train][20 ] lloss: 0.10759	uloss: 0.10866	lacc: 95.000%	uacc: 100.000%
[train][40 ] lloss: 0.11391	uloss: 0.21636	lacc: 96.552%	uacc: 92.308%
[train][60 ] lloss: 0.29692	uloss: 0.02381	lacc: 92.188%	uacc: 100.000%
[train][80 ] lloss: 0.38727	uloss: 0.04785	lacc: 88.406%	uacc: 100.000%
>>>[train] lloss: 24.95531	uloss: 5.52189	lacc: 92.096%	uacc: 98.716%
------ Testing epochs: 39 ------
[test][0  ] lloss: 3.36745	lacc: 16.406%
>>>[test] lloss: 25.99937	lacc: 16.500%
------ Training epochs: 40 ------
[train][0  ] lloss: 0.15476	uloss: 0.02735	lacc: 95.161%	uacc: 100.000%
[train][20 ] lloss: 0.12443	uloss: 0.05227	lacc: 96.825%	uacc: 100.000%
[train][40 ] lloss: 0.42883	uloss: 0.31745	lacc: 86.567%	uacc: 100.000%
[train][60 ] lloss: 0.26892	uloss: 0.09448	lacc: 95.082%	uacc: 100.000%
[train][80 ] lloss: 0.37795	uloss: 0.30285	lacc: 90.909%	uacc: 100.000%
>>>[train] lloss: 25.43599	uloss: 6.49402	lacc: 91.984%	uacc: 98.911%
------ Testing epochs: 40 ------
[test][0  ] lloss: 3.20136	lacc: 19.531%
>>>[test] lloss: 26.89468	lacc: 16.400%
------ Training epochs: 41 ------
[train][0  ] lloss: 0.36123	uloss: 0.02399	lacc: 88.406%	uacc: 100.000%
[train][20 ] lloss: 0.14589	uloss: 0.08385	lacc: 95.161%	uacc: 100.000%
[train][40 ] lloss: 0.32299	uloss: 0.03189	lacc: 93.333%	uacc: 100.000%
[train][60 ] lloss: 0.60201	uloss: 0.06558	lacc: 84.058%	uacc: 100.000%
[train][80 ] lloss: 0.13159	uloss: 0.10791	lacc: 96.825%	uacc: 92.308%
>>>[train] lloss: 25.03829	uloss: 5.17198	lacc: 91.978%	uacc: 99.261%
------ Testing epochs: 41 ------
[test][0  ] lloss: 3.17423	lacc: 12.500%
>>>[test] lloss: 24.79194	lacc: 12.800%
------ Training epochs: 42 ------
